0 158073951
1 2037419058
2 3914667141
3 1496948073
4 1610491338
5 2936188328
6 1059534347
7 2404105963
8 526927716
9 1854721989
10 4270938017
11 1320540184
12 1710907623
13 1440672072
14 2233692459
15 4110940603
16 1846837778
17 2386103032
18 2950533953
19 2411862841
20 4024869777
21 260781178
22 2947529957
23 256656708
24 571526455
25 3262469521
26 3797540456
27 3284035267
28 2745364141
29 1132951348
30 3823894414
31 1137213543
32 593232972
33 3275787302
34 3815052431
35 3272187241
36 3557696971
37 4109544874
38 349648388
39 1958461166
40 1419265904
41 1971113938
42 358700980
43 4114995222
44 3576324337
45 4111395162
46 368275775
47 1977088429
48 1437893129
49 1972964067
50 343774021
51 2256397535
52 2790874230
53 2251606943
54 1712341767
55 116636347
56 651113171
57 111848059
58 1720066435
59 1279367477
60 1818038620
61 1282967749
62 2886991970
63 3426189184
64 3982752682
65 3447681992
66 2908416870
67 1295409821
68 2155993644
69 2692567629
70 1079560675
71 540295433
72 1554583
73 569585717
74 1106159711
75 3567921149
76 4106592026
77 3571521201
78 874286804
79 1412957766
80 1952153062
81 1417082124
82 898788522
83 3582846159
84 4121517152
85 3586444163
86 903889693
87 1426307767
88 1967076057
89 1432005243
90 896934277
91 1269930303
92 1806504278
93 1267239107
94 2883846244
95 3418849158
96 3939761068
97 3402593230
98 2867522400
99 1250321051
100 1788992038
101 1247629895
102 2860042729
103 3390324995
104 3929520285
105 3419615295
106 2882447441
107 2701797362
108 2170920723
109 2705397426
110 1102876369
111 563611217
112 33258995
113 567735571
114 1077046451
115 2599557930
116 3671499654
117 1522218080
118 1520418042
119 3167503699
120 4243639612
121 2090161558
122 4240039531
123 3177080525
124 4249022113
125 2103932735
126 2097938328
127 3173548139
128 4235985986
129 2086702116
130 4232385679
131 3156843880
132 4228785618
133 2096278970
134 2094478868
135 3166420721
136 4237838186
137 2105331660
138 4251015077
139 232400889
140 766877470
141 227612341
142 3983314640
143 2370307650
144 2905308650
145 2366043392
146 3974261926
147 217965763
148 752442476
149 213175183
150 3968877329
151 2356394683
152 2890871509
153 2351606391
154 3959824777
155 2025953587
156 1490882906
157 2029553863
158 2559836256
159 4172775298
160 3643014056
161 4181685194
162 2568678244
163 2037801631
164 1498536482
165 2041401923
166 2575878637
167 4192485639
168 3653744793
169 4163055675
170 1683052450
171 2154440703
172 2684722968
173 2149652147
174 1625067222
175 16254532
176 547061216
177 11990282
178 1632791724
179 2169365705
180 2708036710
181 2164575109
182 1629504283
183 29604533
184 570372827
185 26913401
186 1639326087
187 1030854970
188 2104299858
189 4249389260
190 4246995055
191 1023901568
192 2085878697
193 4233065411
194 2087381868
195 1007051407
196 2082593341
197 4242362969
198 4244163051
199 1016348942
200 2092415121
201 4250087475
202 2102306906
203 1030367204
204 2097520398
205 4246804130
206 4259090119
207 1039664732
208 2107342335
209 4256625937
210 2335337645
211 1798169812
212 1258904703
213 1801767832
214 2336244490
215 3953375916
216 3416208070
217 3959073376
218 2346066306
219 1781635364
220 1244467529
221 620267736
222 882114675
223 79134620
224 363068339
225 3854529494
226 3636128615
227 3906364033
228 4176599611
229 2282574425
230 2552809979
231 2823045405
232 3093805191
233 1233334306
234 1503570007
235 1773807592
236 2044043019
237 166794922
238 420253379
239 690488924
240 961248767
241 3378967826
242 2724359336
243 2457724112
244 2186894458
245 4063546266
246 3792716552
247 3539188396
248 3268358854
249 850045539
250 579215744
251 325163303
252 58528074
253 1187547357
254 1453588598
255 1720156057
