tick,event,kind,building,unit,live_choice,fresh_choice,live_resource,fresh_resource,live_score,fresh_score,changed,harm_cost,live_age,pending,live_reason,fresh_reason,building_identity,unit_identity,live_identity,fresh_identity
512,1,hiring_candidate,1,1,-1,-1,0,0,0,0,0,0,273,0,0,0,1,1,0,0
512,1,hiring_candidate,1,2,-1,-1,0,0,0,0,0,0,273,0,0,0,1,1,0,0
512,1,hiring_candidate,1,3,-1,-1,0,0,0,0,0,0,273,0,0,0,1,1,0,0
512,1,hiring_candidate,1,4,-1,-1,0,0,0,0,0,0,273,0,0,0,1,1,0,0
512,1,hiring,1,-1,-1,-1,-1,-1,-1,-1,0,0,273,0,-1,-1,1,0,0,0
512,2,hiring_candidate,0,0,-1,-1,1,1,0,0,0,0,1,0,0,0,1,1,0,0
512,2,hiring,0,-1,-1,-1,-1,-1,-1,-1,0,0,1,0,-1,-1,1,0,0,0
512,3,hiring_candidate,1026,1025,-1,-1,0,0,0,0,0,0,512,0,0,0,1,1,0,0
512,3,hiring_candidate,1026,1027,-1,-1,0,0,0,0,0,0,512,0,0,0,1,1,0,0
512,3,hiring_candidate,1026,1024,-1,-1,0,0,0,0,0,0,512,0,0,0,1,1,0,0
512,3,hiring_candidate,1026,1025,-1,-1,0,0,0,0,0,0,512,0,0,0,1,1,0,0
512,3,hiring_candidate,1026,1026,-1,-1,0,0,0,0,0,0,512,0,0,0,1,1,0,0
512,3,hiring_candidate,1026,1027,-1,-1,0,0,0,0,0,0,512,0,0,0,1,1,0,0
512,3,hiring_candidate,1026,1028,-1,-1,0,0,0,0,0,0,512,0,0,0,1,1,0,0
512,3,hiring_candidate,1026,1024,-1,-1,3,3,0,0,0,0,512,0,0,0,1,1,0,0
512,3,hiring_candidate,1026,1025,-1,-1,3,3,0,0,0,0,512,0,0,0,1,1,0,0
512,3,hiring_candidate,1026,1026,-1,-1,3,3,0,0,0,0,512,0,0,0,1,1,0,0
512,3,hiring_candidate,1026,1027,-1,-1,3,3,0,0,0,0,512,0,0,0,1,1,0,0
512,3,hiring_candidate,1026,1028,-1,-1,3,3,0,0,0,0,512,0,0,0,1,1,0,0
512,3,hiring,1026,-1,-1,-1,-1,-1,-1,-1,0,0,512,0,-1,-1,1,0,0,0
512,4,hiring_candidate,1024,1025,-1,-1,1,1,0,0,0,0,303,0,0,0,1,1,0,0
512,4,hiring_candidate,1024,1027,-1,-1,1,1,0,0,0,0,303,0,0,0,1,1,0,0
512,4,hiring,1024,-1,-1,-1,-1,-1,-1,-1,0,0,303,0,-1,-1,1,0,0,0
512,5,hiring_candidate,2050,2048,-1,-1,0,0,0,0,0,0,257,0,0,0,1,1,0,0
512,5,hiring_candidate,2050,2050,-1,-1,0,0,0,0,0,0,257,0,0,0,1,1,0,0
512,5,hiring_candidate,2050,2051,-1,-1,0,0,0,0,0,0,257,0,0,0,1,1,0,0
512,5,hiring,2050,-1,-1,-1,-1,-1,-1,-1,0,0,257,0,-1,-1,1,0,0,0
512,6,hiring,3073,-1,-1,-1,-1,-1,-1,-1,0,0,512,0,-1,-1,1,0,0,0
512,7,hiring,3074,-1,-1,-1,-1,-1,-1,-1,0,0,512,0,-1,-1,1,0,0,0
512,8,hiring,3076,-1,-1,-1,-1,-1,-1,-1,0,0,512,0,-1,-1,1,0,0,0
512,9,hiring_candidate,3072,3078,-1,-1,1,1,0,0,0,0,299,0,0,0,1,1,0,0
512,9,hiring_candidate,3072,3081,-1,-1,1,1,0,0,0,0,299,0,0,0,1,1,0,0
512,9,hiring,3072,-1,-1,-1,-1,-1,-1,-1,0,0,299,0,-1,-1,1,0,0,0
512,10,hiring_candidate,3075,3077,-1,-1,0,0,0,0,0,0,61,0,0,0,1,1,0,0
512,10,hiring_candidate,3075,3079,-1,-1,0,0,0,0,0,0,61,0,0,0,1,1,0,0
512,10,hiring_candidate,3075,3080,-1,-1,0,0,0,0,0,0,61,0,0,0,1,1,0,0
512,10,hiring,3075,-1,-1,-1,-1,-1,-1,-1,0,0,61,0,-1,-1,1,0,0,0
513,11,hiring_candidate,1,1,-1,-1,0,0,0,0,0,0,274,0,0,0,1,1,0,0
513,11,hiring_candidate,1,2,-1,-1,0,0,0,0,0,0,274,0,0,0,1,1,0,0
513,11,hiring_candidate,1,3,-1,-1,0,0,0,0,0,0,274,0,0,0,1,1,0,0
513,11,hiring_candidate,1,4,-1,-1,0,0,0,0,0,0,274,0,0,0,1,1,0,0
513,11,hiring,1,-1,-1,-1,-1,-1,-1,-1,0,0,274,0,-1,-1,1,0,0,0
513,12,hiring_candidate,0,0,-1,-1,1,1,0,0,0,0,2,0,0,0,1,1,0,0
513,12,hiring,0,-1,-1,-1,-1,-1,-1,-1,0,0,2,0,-1,-1,1,0,0,0
513,13,hiring_candidate,1026,1025,-1,-1,0,0,0,0,0,0,513,0,0,0,1,1,0,0
513,13,hiring_candidate,1026,1027,-1,-1,0,0,0,0,0,0,513,0,0,0,1,1,0,0
513,13,hiring_candidate,1026,1024,-1,-1,0,0,0,0,0,0,513,0,0,0,1,1,0,0
513,13,hiring_candidate,1026,1025,-1,-1,0,0,0,0,0,0,513,0,0,0,1,1,0,0
513,13,hiring_candidate,1026,1026,-1,-1,0,0,0,0,0,0,513,0,0,0,1,1,0,0
513,13,hiring_candidate,1026,1027,-1,-1,0,0,0,0,0,0,513,0,0,0,1,1,0,0
513,13,hiring_candidate,1026,1028,-1,-1,0,0,0,0,0,0,513,0,0,0,1,1,0,0
513,13,hiring_candidate,1026,1024,-1,-1,3,3,0,0,0,0,513,0,0,0,1,1,0,0
513,13,hiring_candidate,1026,1025,-1,-1,3,3,0,0,0,0,513,0,0,0,1,1,0,0
513,13,hiring_candidate,1026,1026,-1,-1,3,3,0,0,0,0,513,0,0,0,1,1,0,0
513,13,hiring_candidate,1026,1027,-1,-1,3,3,0,0,0,0,513,0,0,0,1,1,0,0
513,13,hiring_candidate,1026,1028,-1,-1,3,3,0,0,0,0,513,0,0,0,1,1,0,0
513,13,hiring,1026,-1,-1,-1,-1,-1,-1,-1,0,0,513,0,-1,-1,1,0,0,0
513,14,hiring_candidate,1024,1025,-1,-1,1,1,0,0,0,0,304,1,0,0,1,1,0,0
513,14,hiring_candidate,1024,1027,-1,-1,1,1,0,0,0,0,304,1,0,0,1,1,0,0
513,14,hiring,1024,-1,-1,-1,-1,-1,-1,-1,0,0,304,1,-1,-1,1,0,0,0
513,15,hiring_candidate,2050,2048,-1,-1,0,0,0,0,0,0,258,1,0,0,1,1,0,0
513,15,hiring_candidate,2050,2050,-1,-1,0,0,0,0,0,0,258,1,0,0,1,1,0,0
513,15,hiring_candidate,2050,2051,-1,-1,0,0,0,0,0,0,258,1,0,0,1,1,0,0
513,15,hiring,2050,-1,-1,-1,-1,-1,-1,-1,0,0,258,1,-1,-1,1,0,0,0
513,16,hiring,3073,-1,-1,-1,-1,-1,-1,-1,0,0,513,0,-1,-1,1,0,0,0
513,17,hiring,3074,-1,-1,-1,-1,-1,-1,-1,0,0,513,0,-1,-1,1,0,0,0
513,18,hiring,3076,-1,-1,-1,-1,-1,-1,-1,0,0,513,0,-1,-1,1,0,0,0
513,19,hiring_candidate,3072,3078,-1,-1,1,1,0,0,0,0,300,0,0,0,1,1,0,0
513,19,hiring_candidate,3072,3081,-1,-1,1,1,0,0,0,0,300,0,0,0,1,1,0,0
513,19,hiring,3072,-1,-1,-1,-1,-1,-1,-1,0,0,300,0,-1,-1,1,0,0,0
513,20,hiring_candidate,3075,3077,-1,-1,0,0,0,0,0,0,62,0,0,0,1,1,0,0
513,20,hiring_candidate,3075,3079,-1,-1,0,0,0,0,0,0,62,0,0,0,1,1,0,0
513,20,hiring_candidate,3075,3080,-1,-1,0,0,0,0,0,0,62,0,0,0,1,1,0,0
513,20,hiring,3075,-1,-1,-1,-1,-1,-1,-1,0,0,62,0,-1,-1,1,0,0,0
514,21,hiring_candidate,1,1,-1,-1,0,0,0,0,0,0,275,0,0,0,1,1,0,0
514,21,hiring_candidate,1,2,-1,-1,0,0,0,0,0,0,275,0,0,0,1,1,0,0
514,21,hiring_candidate,1,3,-1,-1,0,0,0,0,0,0,275,0,0,0,1,1,0,0
514,21,hiring_candidate,1,4,-1,-1,0,0,0,0,0,0,275,0,0,0,1,1,0,0
514,21,hiring,1,-1,-1,-1,-1,-1,-1,-1,0,0,275,0,-1,-1,1,0,0,0
514,22,hiring_candidate,0,0,-1,-1,1,1,0,0,0,0,3,0,0,0,1,1,0,0
514,22,hiring,0,-1,-1,-1,-1,-1,-1,-1,0,0,3,0,-1,-1,1,0,0,0
514,23,hiring_candidate,1026,1025,-1,-1,0,0,0,0,0,0,514,0,0,0,1,1,0,0
514,23,hiring_candidate,1026,1027,-1,-1,0,0,0,0,0,0,514,0,0,0,1,1,0,0
514,23,hiring_candidate,1026,1024,-1,-1,0,0,0,0,0,0,514,0,0,0,1,1,0,0
514,23,hiring_candidate,1026,1025,-1,-1,0,0,0,0,0,0,514,0,0,0,1,1,0,0
514,23,hiring_candidate,1026,1026,-1,-1,0,0,0,0,0,0,514,0,0,0,1,1,0,0
514,23,hiring_candidate,1026,1027,-1,-1,0,0,0,0,0,0,514,0,0,0,1,1,0,0
514,23,hiring_candidate,1026,1028,-1,-1,0,0,0,0,0,0,514,0,0,0,1,1,0,0
514,23,hiring_candidate,1026,1024,-1,-1,3,3,0,0,0,0,514,0,0,0,1,1,0,0
514,23,hiring_candidate,1026,1025,-1,-1,3,3,0,0,0,0,514,0,0,0,1,1,0,0
514,23,hiring_candidate,1026,1026,-1,-1,3,3,0,0,0,0,514,0,0,0,1,1,0,0
514,23,hiring_candidate,1026,1027,-1,-1,3,3,0,0,0,0,514,0,0,0,1,1,0,0
514,23,hiring_candidate,1026,1028,-1,-1,3,3,0,0,0,0,514,0,0,0,1,1,0,0
514,23,hiring,1026,-1,-1,-1,-1,-1,-1,-1,0,0,514,0,-1,-1,1,0,0,0
514,24,hiring_candidate,1024,1025,-1,-1,1,1,0,0,0,0,305,1,0,0,1,1,0,0
514,24,hiring_candidate,1024,1027,-1,-1,1,1,0,0,0,0,305,1,0,0,1,1,0,0
514,24,hiring,1024,-1,-1,-1,-1,-1,-1,-1,0,0,305,1,-1,-1,1,0,0,0
514,25,hiring_candidate,2050,2048,-1,-1,0,0,0,0,0,0,259,1,0,0,1,1,0,0
514,25,hiring_candidate,2050,2050,-1,-1,0,0,0,0,0,0,259,1,0,0,1,1,0,0
514,25,hiring_candidate,2050,2051,-1,-1,0,0,0,0,0,0,259,1,0,0,1,1,0,0
514,25,hiring,2050,-1,-1,-1,-1,-1,-1,-1,0,0,259,1,-1,-1,1,0,0,0
514,26,hiring,3073,-1,-1,-1,-1,-1,-1,-1,0,0,514,0,-1,-1,1,0,0,0
514,27,hiring,3074,-1,-1,-1,-1,-1,-1,-1,0,0,514,0,-1,-1,1,0,0,0
514,28,hiring,3076,-1,-1,-1,-1,-1,-1,-1,0,0,514,0,-1,-1,1,0,0,0
514,29,hiring_candidate,3072,3078,-1,-1,1,1,0,0,0,0,301,1,0,0,1,1,0,0
514,29,hiring_candidate,3072,3081,-1,-1,1,1,0,0,0,0,301,1,0,0,1,1,0,0
514,29,hiring,3072,-1,-1,-1,-1,-1,-1,-1,0,0,301,1,-1,-1,1,0,0,0
514,30,hiring_candidate,3075,3077,-1,-1,0,0,0,0,0,0,63,0,0,0,1,1,0,0
514,30,hiring_candidate,3075,3079,-1,-1,0,0,0,0,0,0,63,0,0,0,1,1,0,0
514,30,hiring_candidate,3075,3080,-1,-1,0,0,0,0,0,0,63,0,0,0,1,1,0,0
514,30,hiring,3075,-1,-1,-1,-1,-1,-1,-1,0,0,63,0,-1,-1,1,0,0,0
515,31,hiring_candidate,1,1,-1,-1,0,0,0,0,0,0,276,0,0,0,1,1,0,0
515,31,hiring_candidate,1,2,-1,-1,0,0,0,0,0,0,276,0,0,0,1,1,0,0
515,31,hiring_candidate,1,3,-1,-1,0,0,0,0,0,0,276,0,0,0,1,1,0,0
515,31,hiring_candidate,1,4,-1,-1,0,0,0,0,0,0,276,0,0,0,1,1,0,0
515,31,hiring,1,-1,-1,-1,-1,-1,-1,-1,0,0,276,0,-1,-1,1,0,0,0
515,32,hiring_candidate,0,0,-1,-1,1,1,0,0,0,0,4,0,0,0,1,1,0,0
515,32,hiring,0,-1,-1,-1,-1,-1,-1,-1,0,0,4,0,-1,-1,1,0,0,0
515,33,hiring_candidate,1026,1025,-1,-1,0,0,0,0,0,0,515,0,0,0,1,1,0,0
515,33,hiring_candidate,1026,1027,-1,-1,0,0,0,0,0,0,515,0,0,0,1,1,0,0
515,33,hiring_candidate,1026,1024,-1,-1,0,0,0,0,0,0,515,0,0,0,1,1,0,0
515,33,hiring_candidate,1026,1025,-1,-1,0,0,0,0,0,0,515,0,0,0,1,1,0,0
515,33,hiring_candidate,1026,1026,-1,-1,0,0,0,0,0,0,515,0,0,0,1,1,0,0
515,33,hiring_candidate,1026,1027,-1,-1,0,0,0,0,0,0,515,0,0,0,1,1,0,0
515,33,hiring_candidate,1026,1028,-1,-1,0,0,0,0,0,0,515,0,0,0,1,1,0,0
515,33,hiring_candidate,1026,1024,-1,-1,3,3,0,0,0,0,515,0,0,0,1,1,0,0
515,33,hiring_candidate,1026,1025,-1,-1,3,3,0,0,0,0,515,0,0,0,1,1,0,0
515,33,hiring_candidate,1026,1026,-1,-1,3,3,0,0,0,0,515,0,0,0,1,1,0,0
515,33,hiring_candidate,1026,1027,-1,-1,3,3,0,0,0,0,515,0,0,0,1,1,0,0
515,33,hiring_candidate,1026,1028,-1,-1,3,3,0,0,0,0,515,0,0,0,1,1,0,0
515,33,hiring,1026,-1,-1,-1,-1,-1,-1,-1,0,0,515,0,-1,-1,1,0,0,0
515,34,hiring_candidate,1024,1025,-1,-1,1,1,0,0,0,0,306,1,0,0,1,1,0,0
515,34,hiring_candidate,1024,1027,-1,-1,1,1,0,0,0,0,306,1,0,0,1,1,0,0
515,34,hiring,1024,-1,-1,-1,-1,-1,-1,-1,0,0,306,1,-1,-1,1,0,0,0
515,35,hiring_candidate,2050,2048,-1,-1,0,0,0,0,0,0,260,1,0,0,1,1,0,0
515,35,hiring_candidate,2050,2050,-1,-1,0,0,0,0,0,0,260,1,0,0,1,1,0,0
515,35,hiring_candidate,2050,2051,-1,-1,0,0,0,0,0,0,260,1,0,0,1,1,0,0
515,35,hiring,2050,-1,-1,-1,-1,-1,-1,-1,0,0,260,1,-1,-1,1,0,0,0
515,36,hiring,3073,-1,-1,-1,-1,-1,-1,-1,0,0,515,0,-1,-1,1,0,0,0
515,37,hiring,3074,-1,-1,-1,-1,-1,-1,-1,0,0,515,0,-1,-1,1,0,0,0
515,38,hiring,3076,-1,-1,-1,-1,-1,-1,-1,0,0,515,0,-1,-1,1,0,0,0
515,39,hiring_candidate,3072,3078,-1,-1,1,1,0,0,0,0,302,1,0,0,1,1,0,0
515,39,hiring_candidate,3072,3081,-1,-1,1,1,0,0,0,0,302,1,0,0,1,1,0,0
515,39,hiring,3072,-1,-1,-1,-1,-1,-1,-1,0,0,302,1,-1,-1,1,0,0,0
515,40,hiring_candidate,3075,3077,-1,-1,0,0,0,0,0,0,64,0,0,0,1,1,0,0
515,40,hiring_candidate,3075,3079,-1,-1,0,0,0,0,0,0,64,0,0,0,1,1,0,0
515,40,hiring_candidate,3075,3080,-1,-1,0,0,0,0,0,0,64,0,0,0,1,1,0,0
515,40,hiring,3075,-1,-1,-1,-1,-1,-1,-1,0,0,64,0,-1,-1,1,0,0,0
516,41,hiring_candidate,1,1,-1,-1,0,0,0,0,0,0,277,0,0,0,1,1,0,0
516,41,hiring_candidate,1,2,-1,-1,0,0,0,0,0,0,277,0,0,0,1,1,0,0
516,41,hiring_candidate,1,3,-1,-1,0,0,0,0,0,0,277,0,0,0,1,1,0,0
516,41,hiring_candidate,1,4,-1,-1,0,0,0,0,0,0,277,0,0,0,1,1,0,0
516,41,hiring,1,-1,-1,-1,-1,-1,-1,-1,0,0,277,0,-1,-1,1,0,0,0
516,42,hiring_candidate,0,0,-1,-1,1,1,0,0,0,0,5,0,0,0,1,1,0,0
516,42,hiring,0,-1,-1,-1,-1,-1,-1,-1,0,0,5,0,-1,-1,1,0,0,0
516,43,hiring_candidate,1026,1025,-1,-1,0,0,0,0,0,0,516,0,0,0,1,1,0,0
516,43,hiring_candidate,1026,1027,-1,-1,0,0,0,0,0,0,516,0,0,0,1,1,0,0
516,43,hiring_candidate,1026,1024,-1,-1,0,0,0,0,0,0,516,0,0,0,1,1,0,0
516,43,hiring_candidate,1026,1025,-1,-1,0,0,0,0,0,0,516,0,0,0,1,1,0,0
516,43,hiring_candidate,1026,1026,-1,-1,0,0,0,0,0,0,516,0,0,0,1,1,0,0
516,43,hiring_candidate,1026,1027,-1,-1,0,0,0,0,0,0,516,0,0,0,1,1,0,0
516,43,hiring_candidate,1026,1028,-1,-1,0,0,0,0,0,0,516,0,0,0,1,1,0,0
516,43,hiring_candidate,1026,1024,-1,-1,3,3,0,0,0,0,516,0,0,0,1,1,0,0
516,43,hiring_candidate,1026,1025,-1,-1,3,3,0,0,0,0,516,0,0,0,1,1,0,0
516,43,hiring_candidate,1026,1026,-1,-1,3,3,0,0,0,0,516,0,0,0,1,1,0,0
516,43,hiring_candidate,1026,1027,-1,-1,3,3,0,0,0,0,516,0,0,0,1,1,0,0
516,43,hiring_candidate,1026,1028,-1,-1,3,3,0,0,0,0,516,0,0,0,1,1,0,0
516,43,hiring,1026,-1,-1,-1,-1,-1,-1,-1,0,0,516,0,-1,-1,1,0,0,0
516,44,hiring_candidate,1024,1025,-1,-1,1,1,0,0,0,0,4,0,0,0,1,1,0,0
516,44,hiring_candidate,1024,1027,-1,-1,1,1,0,0,0,0,4,0,0,0,1,1,0,0
516,44,hiring,1024,-1,-1,-1,-1,-1,-1,-1,0,0,4,0,-1,-1,1,0,0,0
516,45,movement,2050,2052,4,4,-1,-1,28,28,0,0,4,0,-1,-1,1,1,0,0
516,46,hiring_candidate,2050,2048,-1,-1,0,0,0,0,0,0,4,0,0,0,1,1,0,0
516,46,hiring_candidate,2050,2050,-1,-1,0,0,0,0,0,0,4,0,0,0,1,1,0,0
516,46,hiring_candidate,2050,2051,-1,-1,0,0,0,0,0,0,4,0,0,0,1,1,0,0
516,46,hiring,2050,-1,-1,-1,-1,-1,-1,-1,0,0,4,0,-1,-1,1,0,0,0
516,47,hiring,3073,-1,-1,-1,-1,-1,-1,-1,0,0,516,0,-1,-1,1,0,0,0
516,48,hiring,3074,-1,-1,-1,-1,-1,-1,-1,0,0,516,0,-1,-1,1,0,0,0
516,49,hiring,3076,-1,-1,-1,-1,-1,-1,-1,0,0,516,0,-1,-1,1,0,0,0
516,50,hiring_candidate,3072,3078,-1,-1,1,1,0,0,0,0,303,1,0,0,1,1,0,0
516,50,hiring_candidate,3072,3081,-1,-1,1,1,0,0,0,0,303,1,0,0,1,1,0,0
516,50,hiring,3072,-1,-1,-1,-1,-1,-1,-1,0,0,303,1,-1,-1,1,0,0,0
516,51,hiring_candidate,3075,3077,-1,-1,0,0,0,0,0,0,65,0,0,0,1,1,0,0
516,51,hiring_candidate,3075,3079,-1,-1,0,0,0,0,0,0,65,0,0,0,1,1,0,0
516,51,hiring_candidate,3075,3080,-1,-1,0,0,0,0,0,0,65,0,0,0,1,1,0,0
516,51,hiring,3075,-1,-1,-1,-1,-1,-1,-1,0,0,65,0,-1,-1,1,0,0,0
517,52,hiring_candidate,1,1,-1,-1,0,0,0,0,0,0,278,0,0,0,1,1,0,0
517,52,hiring_candidate,1,2,-1,-1,0,0,0,0,0,0,278,0,0,0,1,1,0,0
517,52,hiring_candidate,1,3,-1,-1,0,0,0,0,0,0,278,0,0,0,1,1,0,0
517,52,hiring_candidate,1,4,-1,-1,0,0,0,0,0,0,278,0,0,0,1,1,0,0
517,52,hiring,1,-1,-1,-1,-1,-1,-1,-1,0,0,278,0,-1,-1,1,0,0,0
517,53,hiring_candidate,0,0,-1,-1,1,1,0,0,0,0,6,0,0,0,1,1,0,0
517,53,hiring,0,-1,-1,-1,-1,-1,-1,-1,0,0,6,0,-1,-1,1,0,0,0
517,54,movement,1025,1025,7,7,-1,-1,52,52,0,0,5,0,-1,-1,1,1,0,0
517,55,hiring_candidate,1026,1025,-1,-1,0,0,0,0,0,0,517,0,0,0,1,1,0,0
517,55,hiring_candidate,1026,1027,-1,-1,0,0,0,0,0,0,517,0,0,0,1,1,0,0
517,55,hiring_candidate,1026,1024,-1,-1,0,0,0,0,0,0,517,0,0,0,1,1,0,0
517,55,hiring_candidate,1026,1025,-1,-1,0,0,0,0,0,0,517,0,0,0,1,1,0,0
517,55,hiring_candidate,1026,1026,-1,-1,0,0,0,0,0,0,517,0,0,0,1,1,0,0
517,55,hiring_candidate,1026,1027,-1,-1,0,0,0,0,0,0,517,0,0,0,1,1,0,0
517,55,hiring_candidate,1026,1028,-1,-1,0,0,0,0,0,0,517,0,0,0,1,1,0,0
517,55,hiring_candidate,1026,1024,-1,-1,3,3,0,0,0,0,517,0,0,0,1,1,0,0
517,55,hiring_candidate,1026,1025,-1,-1,3,3,0,0,0,0,517,0,0,0,1,1,0,0
517,55,hiring_candidate,1026,1026,-1,-1,3,3,0,0,0,0,517,0,0,0,1,1,0,0
517,55,hiring_candidate,1026,1027,-1,-1,3,3,0,0,0,0,517,0,0,0,1,1,0,0
517,55,hiring_candidate,1026,1028,-1,-1,3,3,0,0,0,0,517,0,0,0,1,1,0,0
517,55,hiring,1026,-1,-1,-1,-1,-1,-1,-1,0,0,517,0,-1,-1,1,0,0,0
517,56,hiring_candidate,1024,1025,-1,-1,1,1,0,0,0,0,5,0,0,0,1,1,0,0
517,56,hiring_candidate,1024,1027,-1,-1,1,1,0,0,0,0,5,0,0,0,1,1,0,0
517,56,hiring,1024,-1,-1,-1,-1,-1,-1,-1,0,0,5,0,-1,-1,1,0,0,0
517,57,hiring_candidate,2050,2048,-1,-1,0,0,0,0,0,0,5,0,0,0,1,1,0,0
517,57,hiring_candidate,2050,2050,-1,-1,0,0,0,0,0,0,5,0,0,0,1,1,0,0
517,57,hiring_candidate,2050,2051,-1,-1,0,0,0,0,0,0,5,0,0,0,1,1,0,0
517,57,hiring,2050,-1,-1,-1,-1,-1,-1,-1,0,0,5,0,-1,-1,1,0,0,0
517,58,hiring,3073,-1,-1,-1,-1,-1,-1,-1,0,0,517,0,-1,-1,1,0,0,0
517,59,hiring,3074,-1,-1,-1,-1,-1,-1,-1,0,0,517,0,-1,-1,1,0,0,0
517,60,hiring,3076,-1,-1,-1,-1,-1,-1,-1,0,0,517,0,-1,-1,1,0,0,0
517,61,hiring_candidate,3072,3078,-1,-1,1,1,0,0,0,0,4,0,0,0,1,1,0,0
517,61,hiring_candidate,3072,3081,-1,-1,1,1,0,0,0,0,4,0,0,0,1,1,0,0
517,61,hiring,3072,-1,-1,-1,-1,-1,-1,-1,0,0,4,0,-1,-1,1,0,0,0
517,62,hiring_candidate,3075,3077,-1,-1,0,0,0,0,0,0,66,0,0,0,1,1,0,0
517,62,hiring_candidate,3075,3079,-1,-1,0,0,0,0,0,0,66,0,0,0,1,1,0,0
517,62,hiring_candidate,3075,3080,-1,-1,0,0,0,0,0,0,66,0,0,0,1,1,0,0
517,62,hiring,3075,-1,-1,-1,-1,-1,-1,-1,0,0,66,0,-1,-1,1,0,0,0
518,63,hiring_candidate,1,1,-1,-1,0,0,0,0,0,0,279,0,0,0,1,1,0,0
518,63,hiring_candidate,1,2,-1,-1,0,0,0,0,0,0,279,0,0,0,1,1,0,0
518,63,hiring_candidate,1,3,-1,-1,0,0,0,0,0,0,279,0,0,0,1,1,0,0
518,63,hiring_candidate,1,4,-1,-1,0,0,0,0,0,0,279,0,0,0,1,1,0,0
518,63,hiring,1,-1,-1,-1,-1,-1,-1,-1,0,0,279,0,-1,-1,1,0,0,0
518,64,hiring_candidate,0,0,-1,-1,1,1,0,0,0,0,7,0,0,0,1,1,0,0
518,64,hiring,0,-1,-1,-1,-1,-1,-1,-1,0,0,7,0,-1,-1,1,0,0,0
518,65,hiring_candidate,1026,1025,-1,-1,0,0,0,0,0,0,518,0,0,0,1,1,0,0
518,65,hiring_candidate,1026,1027,-1,-1,0,0,0,0,0,0,518,0,0,0,1,1,0,0
518,65,hiring_candidate,1026,1024,-1,-1,0,0,0,0,0,0,518,0,0,0,1,1,0,0
518,65,hiring_candidate,1026,1025,-1,-1,0,0,0,0,0,0,518,0,0,0,1,1,0,0
518,65,hiring_candidate,1026,1026,-1,-1,0,0,0,0,0,0,518,0,0,0,1,1,0,0
518,65,hiring_candidate,1026,1027,-1,-1,0,0,0,0,0,0,518,0,0,0,1,1,0,0
518,65,hiring_candidate,1026,1028,-1,-1,0,0,0,0,0,0,518,0,0,0,1,1,0,0
518,65,hiring_candidate,1026,1024,-1,-1,3,3,0,0,0,0,518,0,0,0,1,1,0,0
518,65,hiring_candidate,1026,1025,-1,-1,3,3,0,0,0,0,518,0,0,0,1,1,0,0
518,65,hiring_candidate,1026,1026,-1,-1,3,3,0,0,0,0,518,0,0,0,1,1,0,0
518,65,hiring_candidate,1026,1027,-1,-1,3,3,0,0,0,0,518,0,0,0,1,1,0,0
518,65,hiring_candidate,1026,1028,-1,-1,3,3,0,0,0,0,518,0,0,0,1,1,0,0
518,65,hiring,1026,-1,-1,-1,-1,-1,-1,-1,0,0,518,0,-1,-1,1,0,0,0
518,66,hiring_candidate,1024,1025,-1,-1,1,1,0,0,0,0,6,0,0,0,1,1,0,0
518,66,hiring_candidate,1024,1027,-1,-1,1,1,0,0,0,0,6,0,0,0,1,1,0,0
518,66,hiring,1024,-1,-1,-1,-1,-1,-1,-1,0,0,6,0,-1,-1,1,0,0,0
518,67,hiring_candidate,2050,2048,-1,-1,0,0,0,0,0,0,6,0,0,0,1,1,0,0
518,67,hiring_candidate,2050,2050,-1,-1,0,0,0,0,0,0,6,0,0,0,1,1,0,0
518,67,hiring_candidate,2050,2051,-1,-1,0,0,0,0,0,0,6,0,0,0,1,1,0,0
518,67,hiring,2050,-1,-1,-1,-1,-1,-1,-1,0,0,6,0,-1,-1,1,0,0,0
518,68,hiring,3073,-1,-1,-1,-1,-1,-1,-1,0,0,518,0,-1,-1,1,0,0,0
518,69,hiring,3074,-1,-1,-1,-1,-1,-1,-1,0,0,518,0,-1,-1,1,0,0,0
518,70,hiring,3076,-1,-1,-1,-1,-1,-1,-1,0,0,518,0,-1,-1,1,0,0,0
518,71,hiring_candidate,3072,3078,-1,-1,1,1,0,0,0,0,5,0,0,0,1,1,0,0
518,71,hiring_candidate,3072,3081,-1,-1,1,1,0,0,0,0,5,0,0,0,1,1,0,0
518,71,hiring,3072,-1,-1,-1,-1,-1,-1,-1,0,0,5,0,-1,-1,1,0,0,0
518,72,hiring_candidate,3075,3077,-1,-1,0,0,0,0,0,0,67,0,0,0,1,1,0,0
518,72,hiring_candidate,3075,3079,-1,-1,0,0,0,0,0,0,67,0,0,0,1,1,0,0
518,72,hiring_candidate,3075,3080,-1,-1,0,0,0,0,0,0,67,0,0,0,1,1,0,0
518,72,hiring,3075,-1,-1,-1,-1,-1,-1,-1,0,0,67,0,-1,-1,1,0,0,0
519,73,hiring_candidate,1,1,-1,-1,0,0,0,0,0,0,280,0,0,0,1,1,0,0
519,73,hiring_candidate,1,2,-1,-1,0,0,0,0,0,0,280,0,0,0,1,1,0,0
519,73,hiring_candidate,1,3,-1,-1,0,0,0,0,0,0,280,0,0,0,1,1,0,0
519,73,hiring_candidate,1,4,-1,-1,0,0,0,0,0,0,280,0,0,0,1,1,0,0
519,73,hiring,1,-1,-1,-1,-1,-1,-1,-1,0,0,280,0,-1,-1,1,0,0,0
519,74,hiring_candidate,0,0,-1,-1,1,1,0,0,0,0,8,0,0,0,1,1,0,0
519,74,hiring,0,-1,-1,-1,-1,-1,-1,-1,0,0,8,0,-1,-1,1,0,0,0
519,75,hiring_candidate,1026,1025,-1,-1,0,0,0,0,0,0,519,0,0,0,1,1,0,0
519,75,hiring_candidate,1026,1027,-1,-1,0,0,0,0,0,0,519,0,0,0,1,1,0,0
519,75,hiring_candidate,1026,1024,-1,-1,0,0,0,0,0,0,519,0,0,0,1,1,0,0
519,75,hiring_candidate,1026,1025,-1,-1,0,0,0,0,0,0,519,0,0,0,1,1,0,0
519,75,hiring_candidate,1026,1026,-1,-1,0,0,0,0,0,0,519,0,0,0,1,1,0,0
519,75,hiring_candidate,1026,1027,-1,-1,0,0,0,0,0,0,519,0,0,0,1,1,0,0
519,75,hiring_candidate,1026,1028,-1,-1,0,0,0,0,0,0,519,0,0,0,1,1,0,0
519,75,hiring_candidate,1026,1024,-1,-1,3,3,0,0,0,0,519,0,0,0,1,1,0,0
519,75,hiring_candidate,1026,1025,-1,-1,3,3,0,0,0,0,519,0,0,0,1,1,0,0
519,75,hiring_candidate,1026,1026,-1,-1,3,3,0,0,0,0,519,0,0,0,1,1,0,0
519,75,hiring_candidate,1026,1027,-1,-1,3,3,0,0,0,0,519,0,0,0,1,1,0,0
519,75,hiring_candidate,1026,1028,-1,-1,3,3,0,0,0,0,519,0,0,0,1,1,0,0
519,75,hiring,1026,-1,-1,-1,-1,-1,-1,-1,0,0,519,0,-1,-1,1,0,0,0
519,76,hiring_candidate,1024,1025,-1,-1,1,1,0,0,0,0,7,0,0,0,1,1,0,0
519,76,hiring_candidate,1024,1027,-1,-1,1,1,0,0,0,0,7,0,0,0,1,1,0,0
519,76,hiring,1024,-1,-1,-1,-1,-1,-1,-1,0,0,7,0,-1,-1,1,0,0,0
519,77,hiring_candidate,2050,2048,-1,-1,0,0,0,0,0,0,7,0,0,0,1,1,0,0
519,77,hiring_candidate,2050,2050,-1,-1,0,0,0,0,0,0,7,0,0,0,1,1,0,0
519,77,hiring_candidate,2050,2051,-1,-1,0,0,0,0,0,0,7,0,0,0,1,1,0,0
519,77,hiring,2050,-1,-1,-1,-1,-1,-1,-1,0,0,7,0,-1,-1,1,0,0,0
519,78,hiring,3073,-1,-1,-1,-1,-1,-1,-1,0,0,519,0,-1,-1,1,0,0,0
519,79,hiring,3074,-1,-1,-1,-1,-1,-1,-1,0,0,519,0,-1,-1,1,0,0,0
519,80,hiring,3076,-1,-1,-1,-1,-1,-1,-1,0,0,519,0,-1,-1,1,0,0,0
519,81,hiring_candidate,3072,3078,-1,-1,1,1,0,0,0,0,6,0,0,0,1,1,0,0
519,81,hiring_candidate,3072,3081,-1,-1,1,1,0,0,0,0,6,0,0,0,1,1,0,0
519,81,hiring,3072,-1,-1,-1,-1,-1,-1,-1,0,0,6,0,-1,-1,1,0,0,0
519,82,hiring_candidate,3075,3077,-1,-1,0,0,0,0,0,0,68,0,0,0,1,1,0,0
519,82,hiring_candidate,3075,3079,-1,-1,0,0,0,0,0,0,68,0,0,0,1,1,0,0
519,82,hiring_candidate,3075,3080,-1,-1,0,0,0,0,0,0,68,0,0,0,1,1,0,0
519,82,hiring,3075,-1,-1,-1,-1,-1,-1,-1,0,0,68,0,-1,-1,1,0,0,0
520,83,hiring_candidate,1,1,-1,-1,0,0,0,0,0,0,281,0,0,0,1,1,0,0
520,83,hiring_candidate,1,2,-1,-1,0,0,0,0,0,0,281,0,0,0,1,1,0,0
520,83,hiring_candidate,1,3,-1,-1,0,0,0,0,0,0,281,0,0,0,1,1,0,0
520,83,hiring_candidate,1,4,-1,-1,0,0,0,0,0,0,281,0,0,0,1,1,0,0
520,83,hiring,1,-1,-1,-1,-1,-1,-1,-1,0,0,281,0,-1,-1,1,0,0,0
520,84,hiring_candidate,0,0,-1,-1,1,1,0,0,0,0,9,0,0,0,1,1,0,0
520,84,hiring,0,-1,-1,-1,-1,-1,-1,-1,0,0,9,0,-1,-1,1,0,0,0
520,85,hiring_candidate,1026,1025,-1,-1,0,0,0,0,0,0,520,0,0,0,1,1,0,0
520,85,hiring_candidate,1026,1027,-1,-1,0,0,0,0,0,0,520,0,0,0,1,1,0,0
520,85,hiring_candidate,1026,1024,-1,-1,0,0,0,0,0,0,520,0,0,0,1,1,0,0
520,85,hiring_candidate,1026,1025,-1,-1,0,0,0,0,0,0,520,0,0,0,1,1,0,0
520,85,hiring_candidate,1026,1026,-1,-1,0,0,0,0,0,0,520,0,0,0,1,1,0,0
520,85,hiring_candidate,1026,1027,-1,-1,0,0,0,0,0,0,520,0,0,0,1,1,0,0
520,85,hiring_candidate,1026,1028,-1,-1,0,0,0,0,0,0,520,0,0,0,1,1,0,0
520,85,hiring_candidate,1026,1024,-1,-1,3,3,0,0,0,0,520,0,0,0,1,1,0,0
520,85,hiring_candidate,1026,1025,-1,-1,3,3,0,0,0,0,520,0,0,0,1,1,0,0
520,85,hiring_candidate,1026,1026,-1,-1,3,3,0,0,0,0,520,0,0,0,1,1,0,0
520,85,hiring_candidate,1026,1027,-1,-1,3,3,0,0,0,0,520,0,0,0,1,1,0,0
520,85,hiring_candidate,1026,1028,-1,-1,3,3,0,0,0,0,520,0,0,0,1,1,0,0
520,85,hiring,1026,-1,-1,-1,-1,-1,-1,-1,0,0,520,0,-1,-1,1,0,0,0
520,86,hiring_candidate,1024,1025,-1,-1,1,1,0,0,0,0,8,0,0,0,1,1,0,0
520,86,hiring_candidate,1024,1027,-1,-1,1,1,0,0,0,0,8,0,0,0,1,1,0,0
520,86,hiring,1024,-1,-1,-1,-1,-1,-1,-1,0,0,8,0,-1,-1,1,0,0,0
520,87,movement,2048,2051,4,4,1,1,94,94,0,0,8,0,-1,-1,1,1,0,0
520,88,hiring_candidate,2050,2048,-1,-1,0,0,0,0,0,0,8,0,0,0,1,1,0,0
520,88,hiring_candidate,2050,2050,-1,-1,0,0,0,0,0,0,8,0,0,0,1,1,0,0
520,88,hiring_candidate,2050,2051,-1,-1,0,0,0,0,0,0,8,0,0,0,1,1,0,0
520,88,hiring,2050,-1,-1,-1,-1,-1,-1,-1,0,0,8,0,-1,-1,1,0,0,0
520,89,hiring,3073,-1,-1,-1,-1,-1,-1,-1,0,0,520,0,-1,-1,1,0,0,0
520,90,hiring,3074,-1,-1,-1,-1,-1,-1,-1,0,0,520,0,-1,-1,1,0,0,0
520,91,hiring,3076,-1,-1,-1,-1,-1,-1,-1,0,0,520,0,-1,-1,1,0,0,0
520,92,hiring_candidate,3072,3078,-1,-1,1,1,0,0,0,0,7,0,0,0,1,1,0,0
520,92,hiring_candidate,3072,3081,-1,-1,1,1,0,0,0,0,7,0,0,0,1,1,0,0
520,92,hiring,3072,-1,-1,-1,-1,-1,-1,-1,0,0,7,0,-1,-1,1,0,0,0
520,93,hiring_candidate,3075,3077,-1,-1,0,0,0,0,0,0,69,0,0,0,1,1,0,0
520,93,hiring_candidate,3075,3079,-1,-1,0,0,0,0,0,0,69,0,0,0,1,1,0,0
520,93,hiring_candidate,3075,3080,-1,-1,0,0,0,0,0,0,69,0,0,0,1,1,0,0
520,93,hiring,3075,-1,-1,-1,-1,-1,-1,-1,0,0,69,0,-1,-1,1,0,0,0
521,94,hiring_candidate,1,1,-1,-1,0,0,0,0,0,0,282,0,0,0,1,1,0,0
521,94,hiring_candidate,1,2,-1,-1,0,0,0,0,0,0,282,0,0,0,1,1,0,0
521,94,hiring_candidate,1,3,-1,-1,0,0,0,0,0,0,282,0,0,0,1,1,0,0
521,94,hiring_candidate,1,4,-1,-1,0,0,0,0,0,0,282,0,0,0,1,1,0,0
521,94,hiring,1,-1,-1,-1,-1,-1,-1,-1,0,0,282,0,-1,-1,1,0,0,0
521,95,hiring_candidate,0,0,-1,-1,1,1,0,0,0,0,10,0,0,0,1,1,0,0
521,95,hiring,0,-1,-1,-1,-1,-1,-1,-1,0,0,10,0,-1,-1,1,0,0,0
521,96,hiring_candidate,1026,1025,-1,-1,0,0,0,0,0,0,521,0,0,0,1,1,0,0
521,96,hiring_candidate,1026,1027,-1,-1,0,0,0,0,0,0,521,0,0,0,1,1,0,0
521,96,hiring_candidate,1026,1024,-1,-1,0,0,0,0,0,0,521,0,0,0,1,1,0,0
521,96,hiring_candidate,1026,1025,-1,-1,0,0,0,0,0,0,521,0,0,0,1,1,0,0
521,96,hiring_candidate,1026,1026,-1,-1,0,0,0,0,0,0,521,0,0,0,1,1,0,0
521,96,hiring_candidate,1026,1027,-1,-1,0,0,0,0,0,0,521,0,0,0,1,1,0,0
521,96,hiring_candidate,1026,1028,-1,-1,0,0,0,0,0,0,521,0,0,0,1,1,0,0
521,96,hiring_candidate,1026,1024,-1,-1,3,3,0,0,0,0,521,0,0,0,1,1,0,0
521,96,hiring_candidate,1026,1025,-1,-1,3,3,0,0,0,0,521,0,0,0,1,1,0,0
521,96,hiring_candidate,1026,1026,-1,-1,3,3,0,0,0,0,521,0,0,0,1,1,0,0
521,96,hiring_candidate,1026,1027,-1,-1,3,3,0,0,0,0,521,0,0,0,1,1,0,0
521,96,hiring_candidate,1026,1028,-1,-1,3,3,0,0,0,0,521,0,0,0,1,1,0,0
521,96,hiring,1026,-1,-1,-1,-1,-1,-1,-1,0,0,521,0,-1,-1,1,0,0,0
521,97,hiring_candidate,1024,1025,-1,-1,1,1,0,0,0,0,9,0,0,0,1,1,0,0
521,97,hiring_candidate,1024,1027,-1,-1,1,1,0,0,0,0,9,0,0,0,1,1,0,0
521,97,hiring,1024,-1,-1,-1,-1,-1,-1,-1,0,0,9,0,-1,-1,1,0,0,0
521,98,movement,2050,2049,4,4,-1,-1,94,94,0,0,9,0,-1,-1,1,1,0,0
521,99,hiring_candidate,2050,2048,-1,-1,0,0,0,0,0,0,9,0,0,0,1,1,0,0
521,99,hiring_candidate,2050,2050,-1,-1,0,0,0,0,0,0,9,0,0,0,1,1,0,0
521,99,hiring_candidate,2050,2051,-1,-1,0,0,0,0,0,0,9,0,0,0,1,1,0,0
521,99,hiring,2050,-1,-1,-1,-1,-1,-1,-1,0,0,9,0,-1,-1,1,0,0,0
521,100,hiring,3073,-1,-1,-1,-1,-1,-1,-1,0,0,521,0,-1,-1,1,0,0,0
521,101,hiring,3074,-1,-1,-1,-1,-1,-1,-1,0,0,521,0,-1,-1,1,0,0,0
521,102,hiring,3076,-1,-1,-1,-1,-1,-1,-1,0,0,521,0,-1,-1,1,0,0,0
521,103,hiring_candidate,3072,3078,-1,-1,1,1,0,0,0,0,8,0,0,0,1,1,0,0
521,103,hiring_candidate,3072,3081,-1,-1,1,1,0,0,0,0,8,0,0,0,1,1,0,0
521,103,hiring,3072,-1,-1,-1,-1,-1,-1,-1,0,0,8,0,-1,-1,1,0,0,0
521,104,hiring_candidate,3075,3077,-1,-1,0,0,0,0,0,0,70,0,0,0,1,1,0,0
521,104,hiring_candidate,3075,3079,-1,-1,0,0,0,0,0,0,70,0,0,0,1,1,0,0
521,104,hiring_candidate,3075,3080,-1,-1,0,0,0,0,0,0,70,0,0,0,1,1,0,0
521,104,hiring,3075,-1,-1,-1,-1,-1,-1,-1,0,0,70,0,-1,-1,1,0,0,0
522,105,resource_type,0,2,-1,-1,-1,-1,256,256,0,0,11,0,-1,-1,1,1,0,0
522,105,resource,0,2,-2,-2,-1,-1,256,256,0,0,11,0,-1,-1,1,1,0,0
522,105,resource_site,0,2,-1,-1,-1,-1,0,0,0,0,11,0,-1,-1,1,1,0,0
522,106,hiring_candidate,0,0,-1,-1,1,1,0,0,0,0,11,0,0,0,1,1,0,0
522,106,hiring_candidate,0,2,2,2,1,1,2048,2048,0,0,11,0,-1,-1,1,1,1,1
522,106,hiring,0,-1,2,2,1,1,2048,2048,0,0,11,0,-1,-1,1,0,1,1
522,107,hiring_candidate,1,1,-1,-1,0,0,0,0,0,0,283,0,0,0,1,1,0,0
522,107,hiring_candidate,1,2,-1,-1,0,0,0,0,0,0,283,0,0,0,1,1,0,0
522,107,hiring_candidate,1,3,-1,-1,0,0,0,0,0,0,283,0,0,0,1,1,0,0
522,107,hiring_candidate,1,4,-1,-1,0,0,0,0,0,0,283,0,0,0,1,1,0,0
522,107,hiring,1,-1,-1,-1,-1,-1,-1,-1,0,0,283,0,-1,-1,1,0,0,0
522,108,hiring_candidate,0,0,-1,-1,1,1,0,0,0,0,11,0,0,0,1,1,0,0
522,108,hiring,0,-1,-1,-1,-1,-1,-1,-1,0,0,11,0,-1,-1,1,0,0,0
522,109,hiring_candidate,1026,1025,-1,-1,0,0,0,0,0,0,522,0,0,0,1,1,0,0
522,109,hiring_candidate,1026,1027,-1,-1,0,0,0,0,0,0,522,0,0,0,1,1,0,0
522,109,hiring_candidate,1026,1024,-1,-1,0,0,0,0,0,0,522,0,0,0,1,1,0,0
522,109,hiring_candidate,1026,1025,-1,-1,0,0,0,0,0,0,522,0,0,0,1,1,0,0
522,109,hiring_candidate,1026,1026,-1,-1,0,0,0,0,0,0,522,0,0,0,1,1,0,0
522,109,hiring_candidate,1026,1027,-1,-1,0,0,0,0,0,0,522,0,0,0,1,1,0,0
522,109,hiring_candidate,1026,1028,-1,-1,0,0,0,0,0,0,522,0,0,0,1,1,0,0
522,109,hiring_candidate,1026,1024,-1,-1,3,3,0,0,0,0,522,0,0,0,1,1,0,0
522,109,hiring_candidate,1026,1025,-1,-1,3,3,0,0,0,0,522,0,0,0,1,1,0,0
522,109,hiring_candidate,1026,1026,-1,-1,3,3,0,0,0,0,522,0,0,0,1,1,0,0
522,109,hiring_candidate,1026,1027,-1,-1,3,3,0,0,0,0,522,0,0,0,1,1,0,0
522,109,hiring_candidate,1026,1028,-1,-1,3,3,0,0,0,0,522,0,0,0,1,1,0,0
522,109,hiring,1026,-1,-1,-1,-1,-1,-1,-1,0,0,522,0,-1,-1,1,0,0,0
522,110,hiring_candidate,1024,1025,-1,-1,1,1,0,0,0,0,10,0,0,0,1,1,0,0
522,110,hiring_candidate,1024,1027,-1,-1,1,1,0,0,0,0,10,0,0,0,1,1,0,0
522,110,hiring,1024,-1,-1,-1,-1,-1,-1,-1,0,0,10,0,-1,-1,1,0,0,0
522,111,hiring_candidate,2050,2048,-1,-1,0,0,0,0,0,0,10,0,0,0,1,1,0,0
522,111,hiring_candidate,2050,2050,-1,-1,0,0,0,0,0,0,10,0,0,0,1,1,0,0
522,111,hiring_candidate,2050,2051,-1,-1,0,0,0,0,0,0,10,0,0,0,1,1,0,0
522,111,hiring,2050,-1,-1,-1,-1,-1,-1,-1,0,0,10,0,-1,-1,1,0,0,0
522,112,hiring,3073,-1,-1,-1,-1,-1,-1,-1,0,0,522,0,-1,-1,1,0,0,0
522,113,hiring,3074,-1,-1,-1,-1,-1,-1,-1,0,0,522,0,-1,-1,1,0,0,0
522,114,hiring,3076,-1,-1,-1,-1,-1,-1,-1,0,0,522,0,-1,-1,1,0,0,0
522,115,hiring_candidate,3072,3078,-1,-1,1,1,0,0,0,0,9,0,0,0,1,1,0,0
522,115,hiring_candidate,3072,3081,-1,-1,1,1,0,0,0,0,9,0,0,0,1,1,0,0
522,115,hiring,3072,-1,-1,-1,-1,-1,-1,-1,0,0,9,0,-1,-1,1,0,0,0
522,116,hiring_candidate,3075,3077,-1,-1,0,0,0,0,0,0,71,0,0,0,1,1,0,0
522,116,hiring_candidate,3075,3079,-1,-1,0,0,0,0,0,0,71,0,0,0,1,1,0,0
522,116,hiring_candidate,3075,3080,-1,-1,0,0,0,0,0,0,71,0,0,0,1,1,0,0
522,116,hiring,3075,-1,-1,-1,-1,-1,-1,-1,0,0,71,0,-1,-1,1,0,0,0
523,117,hiring_candidate,1,1,-1,-1,0,0,0,0,0,0,284,1,0,0,1,1,0,0
523,117,hiring_candidate,1,2,-1,-1,0,0,0,0,0,0,284,1,0,0,1,1,0,0
523,117,hiring_candidate,1,3,-1,-1,0,0,0,0,0,0,284,1,0,0,1,1,0,0
523,117,hiring_candidate,1,4,-1,-1,0,0,0,0,0,0,284,1,0,0,1,1,0,0
523,117,hiring,1,-1,-1,-1,-1,-1,-1,-1,0,0,284,1,-1,-1,1,0,0,0
523,118,hiring_candidate,0,0,-1,-1,1,1,0,0,0,0,12,0,0,0,1,1,0,0
523,118,hiring,0,-1,-1,-1,-1,-1,-1,-1,0,0,12,0,-1,-1,1,0,0,0
523,119,hiring_candidate,1026,1025,-1,-1,0,0,0,0,0,0,523,0,0,0,1,1,0,0
523,119,hiring_candidate,1026,1027,-1,-1,0,0,0,0,0,0,523,0,0,0,1,1,0,0
523,119,hiring_candidate,1026,1024,-1,-1,0,0,0,0,0,0,523,0,0,0,1,1,0,0
523,119,hiring_candidate,1026,1025,-1,-1,0,0,0,0,0,0,523,0,0,0,1,1,0,0
523,119,hiring_candidate,1026,1026,-1,-1,0,0,0,0,0,0,523,0,0,0,1,1,0,0
523,119,hiring_candidate,1026,1027,-1,-1,0,0,0,0,0,0,523,0,0,0,1,1,0,0
523,119,hiring_candidate,1026,1028,-1,-1,0,0,0,0,0,0,523,0,0,0,1,1,0,0
523,119,hiring_candidate,1026,1024,-1,-1,3,3,0,0,0,0,523,0,0,0,1,1,0,0
523,119,hiring_candidate,1026,1025,-1,-1,3,3,0,0,0,0,523,0,0,0,1,1,0,0
523,119,hiring_candidate,1026,1026,-1,-1,3,3,0,0,0,0,523,0,0,0,1,1,0,0
523,119,hiring_candidate,1026,1027,-1,-1,3,3,0,0,0,0,523,0,0,0,1,1,0,0
523,119,hiring_candidate,1026,1028,-1,-1,3,3,0,0,0,0,523,0,0,0,1,1,0,0
523,119,hiring,1026,-1,-1,-1,-1,-1,-1,-1,0,0,523,0,-1,-1,1,0,0,0
523,120,hiring_candidate,1024,1025,-1,-1,1,1,0,0,0,0,11,0,0,0,1,1,0,0
523,120,hiring_candidate,1024,1027,-1,-1,1,1,0,0,0,0,11,0,0,0,1,1,0,0
523,120,hiring,1024,-1,-1,-1,-1,-1,-1,-1,0,0,11,0,-1,-1,1,0,0,0
523,121,movement,2049,2050,0,0,0,0,230,230,0,0,11,0,-1,-1,1,1,0,0
523,122,hiring_candidate,2050,2048,-1,-1,0,0,0,0,0,0,11,0,0,0,1,1,0,0
523,122,hiring_candidate,2050,2050,-1,-1,0,0,0,0,0,0,11,0,0,0,1,1,0,0
523,122,hiring_candidate,2050,2051,-1,-1,0,0,0,0,0,0,11,0,0,0,1,1,0,0
523,122,hiring,2050,-1,-1,-1,-1,-1,-1,-1,0,0,11,0,-1,-1,1,0,0,0
523,123,hiring,3073,-1,-1,-1,-1,-1,-1,-1,0,0,523,0,-1,-1,1,0,0,0
523,124,hiring,3074,-1,-1,-1,-1,-1,-1,-1,0,0,523,0,-1,-1,1,0,0,0
523,125,hiring,3076,-1,-1,-1,-1,-1,-1,-1,0,0,523,0,-1,-1,1,0,0,0
523,126,hiring_candidate,3072,3078,-1,-1,1,1,0,0,0,0,10,0,0,0,1,1,0,0
523,126,hiring_candidate,3072,3081,-1,-1,1,1,0,0,0,0,10,0,0,0,1,1,0,0
523,126,hiring,3072,-1,-1,-1,-1,-1,-1,-1,0,0,10,0,-1,-1,1,0,0,0
523,127,hiring_candidate,3075,3077,-1,-1,0,0,0,0,0,0,72,0,0,0,1,1,0,0
523,127,hiring_candidate,3075,3079,-1,-1,0,0,0,0,0,0,72,0,0,0,1,1,0,0
523,127,hiring_candidate,3075,3080,-1,-1,0,0,0,0,0,0,72,0,0,0,1,1,0,0
523,127,hiring,3075,-1,-1,-1,-1,-1,-1,-1,0,0,72,0,-1,-1,1,0,0,0
524,128,hiring_candidate,1,1,-1,-1,0,0,0,0,0,0,285,1,0,0,1,1,0,0
524,128,hiring_candidate,1,2,-1,-1,0,0,0,0,0,0,285,1,0,0,1,1,0,0
524,128,hiring_candidate,1,3,-1,-1,0,0,0,0,0,0,285,1,0,0,1,1,0,0
524,128,hiring_candidate,1,4,-1,-1,0,0,0,0,0,0,285,1,0,0,1,1,0,0
524,128,hiring,1,-1,-1,-1,-1,-1,-1,-1,0,0,285,1,-1,-1,1,0,0,0
524,129,hiring_candidate,0,0,-1,-1,1,1,0,0,0,0,13,0,0,0,1,1,0,0
524,129,hiring,0,-1,-1,-1,-1,-1,-1,-1,0,0,13,0,-1,-1,1,0,0,0
524,130,movement,1024,1028,4,4,-1,-1,24,24,0,0,12,0,-1,-1,1,1,0,0
524,131,hiring_candidate,1026,1025,-1,-1,0,0,0,0,0,0,524,0,0,0,1,1,0,0
524,131,hiring_candidate,1026,1027,-1,-1,0,0,0,0,0,0,524,0,0,0,1,1,0,0
524,131,hiring_candidate,1026,1024,-1,-1,0,0,0,0,0,0,524,0,0,0,1,1,0,0
524,131,hiring_candidate,1026,1025,-1,-1,0,0,0,0,0,0,524,0,0,0,1,1,0,0
524,131,hiring_candidate,1026,1026,-1,-1,0,0,0,0,0,0,524,0,0,0,1,1,0,0
524,131,hiring_candidate,1026,1027,-1,-1,0,0,0,0,0,0,524,0,0,0,1,1,0,0
524,131,hiring_candidate,1026,1028,-1,-1,0,0,0,0,0,0,524,0,0,0,1,1,0,0
524,131,hiring_candidate,1026,1024,-1,-1,3,3,0,0,0,0,524,0,0,0,1,1,0,0
524,131,hiring_candidate,1026,1025,-1,-1,3,3,0,0,0,0,524,0,0,0,1,1,0,0
524,131,hiring_candidate,1026,1026,-1,-1,3,3,0,0,0,0,524,0,0,0,1,1,0,0
524,131,hiring_candidate,1026,1027,-1,-1,3,3,0,0,0,0,524,0,0,0,1,1,0,0
524,131,hiring_candidate,1026,1028,-1,-1,3,3,0,0,0,0,524,0,0,0,1,1,0,0
524,131,hiring,1026,-1,-1,-1,-1,-1,-1,-1,0,0,524,0,-1,-1,1,0,0,0
524,132,hiring_candidate,1024,1025,-1,-1,1,1,0,0,0,0,12,0,0,0,1,1,0,0
524,132,hiring_candidate,1024,1027,-1,-1,1,1,0,0,0,0,12,0,0,0,1,1,0,0
524,132,hiring,1024,-1,-1,-1,-1,-1,-1,-1,0,0,12,0,-1,-1,1,0,0,0
524,133,hiring_candidate,2050,2048,-1,-1,0,0,0,0,0,0,12,0,0,0,1,1,0,0
524,133,hiring_candidate,2050,2050,-1,-1,0,0,0,0,0,0,12,0,0,0,1,1,0,0
524,133,hiring_candidate,2050,2051,-1,-1,0,0,0,0,0,0,12,0,0,0,1,1,0,0
524,133,hiring,2050,-1,-1,-1,-1,-1,-1,-1,0,0,12,0,-1,-1,1,0,0,0
524,134,hiring,3073,-1,-1,-1,-1,-1,-1,-1,0,0,524,0,-1,-1,1,0,0,0
524,135,hiring,3074,-1,-1,-1,-1,-1,-1,-1,0,0,524,0,-1,-1,1,0,0,0
524,136,hiring,3076,-1,-1,-1,-1,-1,-1,-1,0,0,524,0,-1,-1,1,0,0,0
524,137,hiring_candidate,3072,3078,-1,-1,1,1,0,0,0,0,11,0,0,0,1,1,0,0
524,137,hiring_candidate,3072,3081,-1,-1,1,1,0,0,0,0,11,0,0,0,1,1,0,0
524,137,hiring,3072,-1,-1,-1,-1,-1,-1,-1,0,0,11,0,-1,-1,1,0,0,0
524,138,hiring_candidate,3075,3077,-1,-1,0,0,0,0,0,0,73,0,0,0,1,1,0,0
524,138,hiring_candidate,3075,3079,-1,-1,0,0,0,0,0,0,73,0,0,0,1,1,0,0
524,138,hiring_candidate,3075,3080,-1,-1,0,0,0,0,0,0,73,0,0,0,1,1,0,0
524,138,hiring,3075,-1,-1,-1,-1,-1,-1,-1,0,0,73,0,-1,-1,1,0,0,0
525,139,hiring_candidate,1,1,-1,-1,0,0,0,0,0,0,286,1,0,0,1,1,0,0
525,139,hiring_candidate,1,2,-1,-1,0,0,0,0,0,0,286,1,0,0,1,1,0,0
525,139,hiring_candidate,1,3,-1,-1,0,0,0,0,0,0,286,1,0,0,1,1,0,0
525,139,hiring_candidate,1,4,-1,-1,0,0,0,0,0,0,286,1,0,0,1,1,0,0
525,139,hiring,1,-1,-1,-1,-1,-1,-1,-1,0,0,286,1,-1,-1,1,0,0,0
525,140,hiring_candidate,0,0,-1,-1,1,1,0,0,0,0,14,0,0,0,1,1,0,0
525,140,hiring,0,-1,-1,-1,-1,-1,-1,-1,0,0,14,0,-1,-1,1,0,0,0
525,141,movement,1025,1027,6,6,-1,-1,96,96,0,0,13,0,-1,-1,1,1,0,0
525,142,hiring_candidate,1026,1025,-1,-1,0,0,0,0,0,0,525,0,0,0,1,1,0,0
525,142,hiring_candidate,1026,1027,-1,-1,0,0,0,0,0,0,525,0,0,0,1,1,0,0
525,142,hiring_candidate,1026,1024,-1,-1,0,0,0,0,0,0,525,0,0,0,1,1,0,0
525,142,hiring_candidate,1026,1025,-1,-1,0,0,0,0,0,0,525,0,0,0,1,1,0,0
525,142,hiring_candidate,1026,1026,-1,-1,0,0,0,0,0,0,525,0,0,0,1,1,0,0
525,142,hiring_candidate,1026,1027,-1,-1,0,0,0,0,0,0,525,0,0,0,1,1,0,0
525,142,hiring_candidate,1026,1028,-1,-1,0,0,0,0,0,0,525,0,0,0,1,1,0,0
525,142,hiring_candidate,1026,1024,-1,-1,3,3,0,0,0,0,525,0,0,0,1,1,0,0
525,142,hiring_candidate,1026,1025,-1,-1,3,3,0,0,0,0,525,0,0,0,1,1,0,0
525,142,hiring_candidate,1026,1026,-1,-1,3,3,0,0,0,0,525,0,0,0,1,1,0,0
525,142,hiring_candidate,1026,1027,-1,-1,3,3,0,0,0,0,525,0,0,0,1,1,0,0
525,142,hiring_candidate,1026,1028,-1,-1,3,3,0,0,0,0,525,0,0,0,1,1,0,0
525,142,hiring,1026,-1,-1,-1,-1,-1,-1,-1,0,0,525,0,-1,-1,1,0,0,0
525,143,hiring_candidate,1024,1025,-1,-1,1,1,0,0,0,0,13,0,0,0,1,1,0,0
525,143,hiring_candidate,1024,1027,-1,-1,1,1,0,0,0,0,13,0,0,0,1,1,0,0
525,143,hiring,1024,-1,-1,-1,-1,-1,-1,-1,0,0,13,0,-1,-1,1,0,0,0
525,144,hiring_candidate,2050,2048,-1,-1,0,0,0,0,0,0,13,0,0,0,1,1,0,0
525,144,hiring_candidate,2050,2050,-1,-1,0,0,0,0,0,0,13,0,0,0,1,1,0,0
525,144,hiring_candidate,2050,2051,-1,-1,0,0,0,0,0,0,13,0,0,0,1,1,0,0
525,144,hiring,2050,-1,-1,-1,-1,-1,-1,-1,0,0,13,0,-1,-1,1,0,0,0
525,145,hiring,3073,-1,-1,-1,-1,-1,-1,-1,0,0,525,0,-1,-1,1,0,0,0
525,146,hiring,3074,-1,-1,-1,-1,-1,-1,-1,0,0,525,0,-1,-1,1,0,0,0
525,147,hiring,3076,-1,-1,-1,-1,-1,-1,-1,0,0,525,0,-1,-1,1,0,0,0
525,148,hiring_candidate,3072,3078,-1,-1,1,1,0,0,0,0,12,0,0,0,1,1,0,0
525,148,hiring_candidate,3072,3081,-1,-1,1,1,0,0,0,0,12,0,0,0,1,1,0,0
525,148,hiring,3072,-1,-1,-1,-1,-1,-1,-1,0,0,12,0,-1,-1,1,0,0,0
525,149,hiring_candidate,3075,3077,-1,-1,0,0,0,0,0,0,74,0,0,0,1,1,0,0
525,149,hiring_candidate,3075,3079,-1,-1,0,0,0,0,0,0,74,0,0,0,1,1,0,0
525,149,hiring_candidate,3075,3080,-1,-1,0,0,0,0,0,0,74,0,0,0,1,1,0,0
525,149,hiring,3075,-1,-1,-1,-1,-1,-1,-1,0,0,74,0,-1,-1,1,0,0,0
526,150,hiring_candidate,1,1,-1,-1,0,0,0,0,0,0,4,0,0,0,1,1,0,0
526,150,hiring_candidate,1,2,-1,-1,0,0,0,0,0,0,4,0,0,0,1,1,0,0
526,150,hiring_candidate,1,3,-1,-1,0,0,0,0,0,0,4,0,0,0,1,1,0,0
526,150,hiring_candidate,1,4,-1,-1,0,0,0,0,0,0,4,0,0,0,1,1,0,0
526,150,hiring,1,-1,-1,-1,-1,-1,-1,-1,0,0,4,0,-1,-1,1,0,0,0
526,151,hiring_candidate,0,0,-1,-1,1,1,0,0,0,0,15,0,0,0,1,1,0,0
526,151,hiring,0,-1,-1,-1,-1,-1,-1,-1,0,0,15,0,-1,-1,1,0,0,0
526,152,movement,1024,1024,4,4,-1,-1,28,28,0,0,14,0,-1,-1,1,1,0,0
526,153,hiring_candidate,1026,1025,-1,-1,0,0,0,0,0,0,526,0,0,0,1,1,0,0
526,153,hiring_candidate,1026,1027,-1,-1,0,0,0,0,0,0,526,0,0,0,1,1,0,0
526,153,hiring_candidate,1026,1024,-1,-1,0,0,0,0,0,0,526,0,0,0,1,1,0,0
526,153,hiring_candidate,1026,1025,-1,-1,0,0,0,0,0,0,526,0,0,0,1,1,0,0
526,153,hiring_candidate,1026,1026,-1,-1,0,0,0,0,0,0,526,0,0,0,1,1,0,0
526,153,hiring_candidate,1026,1027,-1,-1,0,0,0,0,0,0,526,0,0,0,1,1,0,0
526,153,hiring_candidate,1026,1028,-1,-1,0,0,0,0,0,0,526,0,0,0,1,1,0,0
526,153,hiring_candidate,1026,1024,-1,-1,3,3,0,0,0,0,526,0,0,0,1,1,0,0
526,153,hiring_candidate,1026,1025,-1,-1,3,3,0,0,0,0,526,0,0,0,1,1,0,0
526,153,hiring_candidate,1026,1026,-1,-1,3,3,0,0,0,0,526,0,0,0,1,1,0,0
526,153,hiring_candidate,1026,1027,-1,-1,3,3,0,0,0,0,526,0,0,0,1,1,0,0
526,153,hiring_candidate,1026,1028,-1,-1,3,3,0,0,0,0,526,0,0,0,1,1,0,0
526,153,hiring,1026,-1,-1,-1,-1,-1,-1,-1,0,0,526,0,-1,-1,1,0,0,0
526,154,hiring_candidate,1024,1025,-1,-1,1,1,0,0,0,0,14,0,0,0,1,1,0,0
526,154,hiring_candidate,1024,1027,-1,-1,1,1,0,0,0,0,14,0,0,0,1,1,0,0
526,154,hiring,1024,-1,-1,-1,-1,-1,-1,-1,0,0,14,0,-1,-1,1,0,0,0
526,155,hiring_candidate,2050,2048,-1,-1,0,0,0,0,0,0,14,0,0,0,1,1,0,0
526,155,hiring_candidate,2050,2050,-1,-1,0,0,0,0,0,0,14,0,0,0,1,1,0,0
526,155,hiring_candidate,2050,2051,-1,-1,0,0,0,0,0,0,14,0,0,0,1,1,0,0
526,155,hiring,2050,-1,-1,-1,-1,-1,-1,-1,0,0,14,0,-1,-1,1,0,0,0
526,156,hiring,3073,-1,-1,-1,-1,-1,-1,-1,0,0,526,0,-1,-1,1,0,0,0
526,157,hiring,3074,-1,-1,-1,-1,-1,-1,-1,0,0,526,0,-1,-1,1,0,0,0
526,158,hiring,3076,-1,-1,-1,-1,-1,-1,-1,0,0,526,0,-1,-1,1,0,0,0
526,159,hiring_candidate,3072,3078,-1,-1,1,1,0,0,0,0,13,0,0,0,1,1,0,0
526,159,hiring_candidate,3072,3081,-1,-1,1,1,0,0,0,0,13,0,0,0,1,1,0,0
526,159,hiring,3072,-1,-1,-1,-1,-1,-1,-1,0,0,13,0,-1,-1,1,0,0,0
526,160,hiring_candidate,3075,3077,-1,-1,0,0,0,0,0,0,75,0,0,0,1,1,0,0
526,160,hiring_candidate,3075,3079,-1,-1,0,0,0,0,0,0,75,0,0,0,1,1,0,0
526,160,hiring_candidate,3075,3080,-1,-1,0,0,0,0,0,0,75,0,0,0,1,1,0,0
526,160,hiring,3075,-1,-1,-1,-1,-1,-1,-1,0,0,75,0,-1,-1,1,0,0,0
527,161,hiring_candidate,1,1,-1,-1,0,0,0,0,0,0,5,0,0,0,1,1,0,0
527,161,hiring_candidate,1,2,-1,-1,0,0,0,0,0,0,5,0,0,0,1,1,0,0
527,161,hiring_candidate,1,3,-1,-1,0,0,0,0,0,0,5,0,0,0,1,1,0,0
527,161,hiring_candidate,1,4,-1,-1,0,0,0,0,0,0,5,0,0,0,1,1,0,0
527,161,hiring,1,-1,-1,-1,-1,-1,-1,-1,0,0,5,0,-1,-1,1,0,0,0
527,162,hiring_candidate,0,0,-1,-1,1,1,0,0,0,0,16,0,0,0,1,1,0,0
527,162,hiring,0,-1,-1,-1,-1,-1,-1,-1,0,0,16,0,-1,-1,1,0,0,0
527,163,hiring_candidate,1026,1025,-1,-1,0,0,0,0,0,0,527,0,0,0,1,1,0,0
527,163,hiring_candidate,1026,1027,-1,-1,0,0,0,0,0,0,527,0,0,0,1,1,0,0
527,163,hiring_candidate,1026,1024,-1,-1,0,0,0,0,0,0,527,0,0,0,1,1,0,0
527,163,hiring_candidate,1026,1025,-1,-1,0,0,0,0,0,0,527,0,0,0,1,1,0,0
527,163,hiring_candidate,1026,1026,-1,-1,0,0,0,0,0,0,527,0,0,0,1,1,0,0
527,163,hiring_candidate,1026,1027,-1,-1,0,0,0,0,0,0,527,0,0,0,1,1,0,0
527,163,hiring_candidate,1026,1028,-1,-1,0,0,0,0,0,0,527,0,0,0,1,1,0,0
527,163,hiring_candidate,1026,1024,-1,-1,3,3,0,0,0,0,527,0,0,0,1,1,0,0
527,163,hiring_candidate,1026,1025,-1,-1,3,3,0,0,0,0,527,0,0,0,1,1,0,0
527,163,hiring_candidate,1026,1026,-1,-1,3,3,0,0,0,0,527,0,0,0,1,1,0,0
527,163,hiring_candidate,1026,1027,-1,-1,3,3,0,0,0,0,527,0,0,0,1,1,0,0
527,163,hiring_candidate,1026,1028,-1,-1,3,3,0,0,0,0,527,0,0,0,1,1,0,0
527,163,hiring,1026,-1,-1,-1,-1,-1,-1,-1,0,0,527,0,-1,-1,1,0,0,0
527,164,hiring_candidate,1024,1025,-1,-1,1,1,0,0,0,0,15,0,0,0,1,1,0,0
527,164,hiring_candidate,1024,1027,-1,-1,1,1,0,0,0,0,15,0,0,0,1,1,0,0
527,164,hiring,1024,-1,-1,-1,-1,-1,-1,-1,0,0,15,0,-1,-1,1,0,0,0
527,165,hiring_candidate,2050,2048,-1,-1,0,0,0,0,0,0,15,0,0,0,1,1,0,0
527,165,hiring_candidate,2050,2050,-1,-1,0,0,0,0,0,0,15,0,0,0,1,1,0,0
527,165,hiring_candidate,2050,2051,-1,-1,0,0,0,0,0,0,15,0,0,0,1,1,0,0
527,165,hiring,2050,-1,-1,-1,-1,-1,-1,-1,0,0,15,0,-1,-1,1,0,0,0
527,166,movement,3075,3078,7,7,0,0,50,50,0,0,76,0,-1,-1,1,1,0,0
527,167,hiring,3073,-1,-1,-1,-1,-1,-1,-1,0,0,527,0,-1,-1,1,0,0,0
527,168,hiring,3073,-1,-1,-1,-1,-1,-1,-1,0,0,527,0,-1,-1,1,0,0,0
527,169,hiring,3073,-1,-1,-1,-1,-1,-1,-1,0,0,527,0,-1,-1,1,0,0,0
527,170,hiring,3073,-1,-1,-1,-1,-1,-1,-1,0,0,527,0,-1,-1,1,0,0,0
527,171,hiring,3074,-1,-1,-1,-1,-1,-1,-1,0,0,527,0,-1,-1,1,0,0,0
527,172,hiring,3076,-1,-1,-1,-1,-1,-1,-1,0,0,527,0,-1,-1,1,0,0,0
527,173,hiring_candidate,3072,3078,-1,-1,1,1,0,0,0,0,14,0,0,0,1,1,0,0
527,173,hiring_candidate,3072,3081,-1,-1,1,1,0,0,0,0,14,0,0,0,1,1,0,0
527,173,hiring,3072,-1,-1,-1,-1,-1,-1,-1,0,0,14,0,-1,-1,1,0,0,0
527,174,hiring_candidate,3075,3077,-1,-1,0,0,0,0,0,0,76,0,0,0,1,1,0,0
527,174,hiring_candidate,3075,3079,-1,-1,0,0,0,0,0,0,76,0,0,0,1,1,0,0
527,174,hiring_candidate,3075,3080,-1,-1,0,0,0,0,0,0,76,0,0,0,1,1,0,0
527,174,hiring,3075,-1,-1,-1,-1,-1,-1,-1,0,0,76,0,-1,-1,1,0,0,0
528,175,hiring_candidate,1,1,-1,-1,0,0,0,0,0,0,6,0,0,0,1,1,0,0
528,175,hiring_candidate,1,2,-1,-1,0,0,0,0,0,0,6,0,0,0,1,1,0,0
528,175,hiring_candidate,1,3,-1,-1,0,0,0,0,0,0,6,0,0,0,1,1,0,0
528,175,hiring_candidate,1,4,-1,-1,0,0,0,0,0,0,6,0,0,0,1,1,0,0
528,175,hiring,1,-1,-1,-1,-1,-1,-1,-1,0,0,6,0,-1,-1,1,0,0,0
528,176,hiring_candidate,0,0,-1,-1,1,1,0,0,0,0,17,0,0,0,1,1,0,0
528,176,hiring,0,-1,-1,-1,-1,-1,-1,-1,0,0,17,0,-1,-1,1,0,0,0
528,177,hiring_candidate,1026,1025,-1,-1,0,0,0,0,0,0,528,0,0,0,1,1,0,0
528,177,hiring_candidate,1026,1027,-1,-1,0,0,0,0,0,0,528,0,0,0,1,1,0,0
528,177,hiring_candidate,1026,1024,-1,-1,0,0,0,0,0,0,528,0,0,0,1,1,0,0
528,177,hiring_candidate,1026,1025,-1,-1,0,0,0,0,0,0,528,0,0,0,1,1,0,0
528,177,hiring_candidate,1026,1026,-1,-1,0,0,0,0,0,0,528,0,0,0,1,1,0,0
528,177,hiring_candidate,1026,1027,-1,-1,0,0,0,0,0,0,528,0,0,0,1,1,0,0
528,177,hiring_candidate,1026,1028,-1,-1,0,0,0,0,0,0,528,0,0,0,1,1,0,0
528,177,hiring_candidate,1026,1024,-1,-1,3,3,0,0,0,0,528,0,0,0,1,1,0,0
528,177,hiring_candidate,1026,1025,-1,-1,3,3,0,0,0,0,528,0,0,0,1,1,0,0
528,177,hiring_candidate,1026,1026,-1,-1,3,3,0,0,0,0,528,0,0,0,1,1,0,0
528,177,hiring_candidate,1026,1027,-1,-1,3,3,0,0,0,0,528,0,0,0,1,1,0,0
528,177,hiring_candidate,1026,1028,-1,-1,3,3,0,0,0,0,528,0,0,0,1,1,0,0
528,177,hiring,1026,-1,-1,-1,-1,-1,-1,-1,0,0,528,0,-1,-1,1,0,0,0
528,178,hiring_candidate,1024,1025,-1,-1,1,1,0,0,0,0,16,0,0,0,1,1,0,0
528,178,hiring_candidate,1024,1027,-1,-1,1,1,0,0,0,0,16,0,0,0,1,1,0,0
528,178,hiring,1024,-1,-1,-1,-1,-1,-1,-1,0,0,16,0,-1,-1,1,0,0,0
528,179,hiring_candidate,2050,2048,-1,-1,0,0,0,0,0,0,16,0,0,0,1,1,0,0
528,179,hiring_candidate,2050,2050,-1,-1,0,0,0,0,0,0,16,0,0,0,1,1,0,0
528,179,hiring_candidate,2050,2051,-1,-1,0,0,0,0,0,0,16,0,0,0,1,1,0,0
528,179,hiring,2050,-1,-1,-1,-1,-1,-1,-1,0,0,16,0,-1,-1,1,0,0,0
528,180,movement,3072,3077,7,7,-1,-1,34,34,0,0,15,0,-1,-1,1,1,0,0
528,181,hiring,3073,-1,-1,-1,-1,-1,-1,-1,0,0,528,0,-1,-1,1,0,0,0
528,182,hiring,3074,-1,-1,-1,-1,-1,-1,-1,0,0,528,0,-1,-1,1,0,0,0
528,183,hiring,3076,-1,-1,-1,-1,-1,-1,-1,0,0,528,0,-1,-1,1,0,0,0
528,184,hiring_candidate,3072,3078,-1,-1,1,1,0,0,0,0,15,0,0,0,1,1,0,0
528,184,hiring_candidate,3072,3081,-1,-1,1,1,0,0,0,0,15,0,0,0,1,1,0,0
528,184,hiring,3072,-1,-1,-1,-1,-1,-1,-1,0,0,15,0,-1,-1,1,0,0,0
528,185,hiring_candidate,3075,3077,-1,-1,0,0,0,0,0,0,77,0,0,0,1,1,0,0
528,185,hiring_candidate,3075,3079,-1,-1,0,0,0,0,0,0,77,0,0,0,1,1,0,0
528,185,hiring_candidate,3075,3080,-1,-1,0,0,0,0,0,0,77,0,0,0,1,1,0,0
528,185,hiring,3075,-1,-1,-1,-1,-1,-1,-1,0,0,77,0,-1,-1,1,0,0,0
529,186,hiring_candidate,1,1,-1,-1,0,0,0,0,0,0,7,0,0,0,1,1,0,0
529,186,hiring_candidate,1,2,-1,-1,0,0,0,0,0,0,7,0,0,0,1,1,0,0
529,186,hiring_candidate,1,3,-1,-1,0,0,0,0,0,0,7,0,0,0,1,1,0,0
529,186,hiring_candidate,1,4,-1,-1,0,0,0,0,0,0,7,0,0,0,1,1,0,0
529,186,hiring,1,-1,-1,-1,-1,-1,-1,-1,0,0,7,0,-1,-1,1,0,0,0
529,187,hiring_candidate,0,0,-1,-1,1,1,0,0,0,0,18,0,0,0,1,1,0,0
529,187,hiring,0,-1,-1,-1,-1,-1,-1,-1,0,0,18,0,-1,-1,1,0,0,0
529,188,hiring_candidate,1026,1025,-1,-1,0,0,0,0,0,0,529,0,0,0,1,1,0,0
529,188,hiring_candidate,1026,1027,-1,-1,0,0,0,0,0,0,529,0,0,0,1,1,0,0
529,188,hiring_candidate,1026,1024,-1,-1,0,0,0,0,0,0,529,0,0,0,1,1,0,0
529,188,hiring_candidate,1026,1025,-1,-1,0,0,0,0,0,0,529,0,0,0,1,1,0,0
529,188,hiring_candidate,1026,1026,-1,-1,0,0,0,0,0,0,529,0,0,0,1,1,0,0
529,188,hiring_candidate,1026,1027,-1,-1,0,0,0,0,0,0,529,0,0,0,1,1,0,0
529,188,hiring_candidate,1026,1028,-1,-1,0,0,0,0,0,0,529,0,0,0,1,1,0,0
529,188,hiring_candidate,1026,1024,-1,-1,3,3,0,0,0,0,529,0,0,0,1,1,0,0
529,188,hiring_candidate,1026,1025,-1,-1,3,3,0,0,0,0,529,0,0,0,1,1,0,0
529,188,hiring_candidate,1026,1026,-1,-1,3,3,0,0,0,0,529,0,0,0,1,1,0,0
529,188,hiring_candidate,1026,1027,-1,-1,3,3,0,0,0,0,529,0,0,0,1,1,0,0
529,188,hiring_candidate,1026,1028,-1,-1,3,3,0,0,0,0,529,0,0,0,1,1,0,0
529,188,hiring,1026,-1,-1,-1,-1,-1,-1,-1,0,0,529,0,-1,-1,1,0,0,0
529,189,hiring_candidate,1024,1025,-1,-1,1,1,0,0,0,0,17,0,0,0,1,1,0,0
529,189,hiring_candidate,1024,1027,-1,-1,1,1,0,0,0,0,17,0,0,0,1,1,0,0
529,189,hiring,1024,-1,-1,-1,-1,-1,-1,-1,0,0,17,0,-1,-1,1,0,0,0
529,190,hiring_candidate,2050,2048,-1,-1,0,0,0,0,0,0,17,0,0,0,1,1,0,0
529,190,hiring_candidate,2050,2050,-1,-1,0,0,0,0,0,0,17,0,0,0,1,1,0,0
529,190,hiring_candidate,2050,2051,-1,-1,0,0,0,0,0,0,17,0,0,0,1,1,0,0
529,190,hiring,2050,-1,-1,-1,-1,-1,-1,-1,0,0,17,0,-1,-1,1,0,0,0
529,191,movement,3072,3079,4,3,1,1,82,82,1,0,16,0,-1,-1,1,1,0,0
529,192,hiring,3073,-1,-1,-1,-1,-1,-1,-1,0,0,529,0,-1,-1,1,0,0,0
529,193,hiring,3074,-1,-1,-1,-1,-1,-1,-1,0,0,529,0,-1,-1,1,0,0,0
529,194,hiring,3074,-1,-1,-1,-1,-1,-1,-1,0,0,529,0,-1,-1,1,0,0,0
529,195,hiring,3074,-1,-1,-1,-1,-1,-1,-1,0,0,529,0,-1,-1,1,0,0,0
529,196,hiring,3074,-1,-1,-1,-1,-1,-1,-1,0,0,529,0,-1,-1,1,0,0,0
529,197,hiring,3076,-1,-1,-1,-1,-1,-1,-1,0,0,529,0,-1,-1,1,0,0,0
529,198,hiring_candidate,3072,3078,-1,-1,1,1,0,0,0,0,16,0,0,0,1,1,0,0
529,198,hiring_candidate,3072,3081,-1,-1,1,1,0,0,0,0,16,0,0,0,1,1,0,0
529,198,hiring,3072,-1,-1,-1,-1,-1,-1,-1,0,0,16,0,-1,-1,1,0,0,0
529,199,hiring_candidate,3075,3077,-1,-1,0,0,0,0,0,0,78,0,0,0,1,1,0,0
529,199,hiring_candidate,3075,3079,-1,-1,0,0,0,0,0,0,78,0,0,0,1,1,0,0
529,199,hiring_candidate,3075,3080,-1,-1,0,0,0,0,0,0,78,0,0,0,1,1,0,0
529,199,hiring,3075,-1,-1,-1,-1,-1,-1,-1,0,0,78,0,-1,-1,1,0,0,0
530,200,hiring_candidate,1,1,-1,-1,0,0,0,0,0,0,8,0,0,0,1,1,0,0
530,200,hiring_candidate,1,2,-1,-1,0,0,0,0,0,0,8,0,0,0,1,1,0,0
530,200,hiring_candidate,1,3,-1,-1,0,0,0,0,0,0,8,0,0,0,1,1,0,0
530,200,hiring_candidate,1,4,-1,-1,0,0,0,0,0,0,8,0,0,0,1,1,0,0
530,200,hiring,1,-1,-1,-1,-1,-1,-1,-1,0,0,8,0,-1,-1,1,0,0,0
530,201,hiring_candidate,0,0,-1,-1,1,1,0,0,0,0,19,0,0,0,1,1,0,0
530,201,hiring,0,-1,-1,-1,-1,-1,-1,-1,0,0,19,0,-1,-1,1,0,0,0
530,202,hiring_candidate,1026,1025,-1,-1,0,0,0,0,0,0,530,0,0,0,1,1,0,0
530,202,hiring_candidate,1026,1027,-1,-1,0,0,0,0,0,0,530,0,0,0,1,1,0,0
530,202,hiring_candidate,1026,1024,-1,-1,0,0,0,0,0,0,530,0,0,0,1,1,0,0
530,202,hiring_candidate,1026,1025,-1,-1,0,0,0,0,0,0,530,0,0,0,1,1,0,0
530,202,hiring_candidate,1026,1026,-1,-1,0,0,0,0,0,0,530,0,0,0,1,1,0,0
530,202,hiring_candidate,1026,1027,-1,-1,0,0,0,0,0,0,530,0,0,0,1,1,0,0
530,202,hiring_candidate,1026,1028,-1,-1,0,0,0,0,0,0,530,0,0,0,1,1,0,0
530,202,hiring_candidate,1026,1024,-1,-1,3,3,0,0,0,0,530,0,0,0,1,1,0,0
530,202,hiring_candidate,1026,1025,-1,-1,3,3,0,0,0,0,530,0,0,0,1,1,0,0
530,202,hiring_candidate,1026,1026,-1,-1,3,3,0,0,0,0,530,0,0,0,1,1,0,0
530,202,hiring_candidate,1026,1027,-1,-1,3,3,0,0,0,0,530,0,0,0,1,1,0,0
530,202,hiring_candidate,1026,1028,-1,-1,3,3,0,0,0,0,530,0,0,0,1,1,0,0
530,202,hiring,1026,-1,-1,-1,-1,-1,-1,-1,0,0,530,0,-1,-1,1,0,0,0
530,203,hiring_candidate,1024,1025,-1,-1,1,1,0,0,0,0,18,0,0,0,1,1,0,0
530,203,hiring_candidate,1024,1027,-1,-1,1,1,0,0,0,0,18,0,0,0,1,1,0,0
530,203,hiring,1024,-1,-1,-1,-1,-1,-1,-1,0,0,18,0,-1,-1,1,0,0,0
530,204,hiring_candidate,2050,2048,-1,-1,0,0,0,0,0,0,18,0,0,0,1,1,0,0
530,204,hiring_candidate,2050,2050,-1,-1,0,0,0,0,0,0,18,0,0,0,1,1,0,0
530,204,hiring_candidate,2050,2051,-1,-1,0,0,0,0,0,0,18,0,0,0,1,1,0,0
530,204,hiring,2050,-1,-1,-1,-1,-1,-1,-1,0,0,18,0,-1,-1,1,0,0,0
530,205,hiring,3073,-1,-1,-1,-1,-1,-1,-1,0,0,530,0,-1,-1,1,0,0,0
530,206,hiring,3074,-1,-1,-1,-1,-1,-1,-1,0,0,530,0,-1,-1,1,0,0,0
530,207,hiring,3076,-1,-1,-1,-1,-1,-1,-1,0,0,530,0,-1,-1,1,0,0,0
530,208,hiring_candidate,3072,3078,-1,-1,1,1,0,0,0,0,17,0,0,0,1,1,0,0
530,208,hiring_candidate,3072,3081,-1,-1,1,1,0,0,0,0,17,0,0,0,1,1,0,0
530,208,hiring,3072,-1,-1,-1,-1,-1,-1,-1,0,0,17,0,-1,-1,1,0,0,0
530,209,hiring_candidate,3075,3077,-1,-1,0,0,0,0,0,0,79,0,0,0,1,1,0,0
530,209,hiring_candidate,3075,3079,-1,-1,0,0,0,0,0,0,79,0,0,0,1,1,0,0
530,209,hiring_candidate,3075,3080,-1,-1,0,0,0,0,0,0,79,0,0,0,1,1,0,0
530,209,hiring,3075,-1,-1,-1,-1,-1,-1,-1,0,0,79,0,-1,-1,1,0,0,0
531,210,hiring_candidate,1,1,-1,-1,0,0,0,0,0,0,9,0,0,0,1,1,0,0
531,210,hiring_candidate,1,2,-1,-1,0,0,0,0,0,0,9,0,0,0,1,1,0,0
531,210,hiring_candidate,1,3,-1,-1,0,0,0,0,0,0,9,0,0,0,1,1,0,0
531,210,hiring_candidate,1,4,-1,-1,0,0,0,0,0,0,9,0,0,0,1,1,0,0
531,210,hiring,1,-1,-1,-1,-1,-1,-1,-1,0,0,9,0,-1,-1,1,0,0,0
531,211,hiring_candidate,0,0,-1,-1,1,1,0,0,0,0,20,0,0,0,1,1,0,0
531,211,hiring,0,-1,-1,-1,-1,-1,-1,-1,0,0,20,0,-1,-1,1,0,0,0
531,212,hiring_candidate,1026,1025,-1,-1,0,0,0,0,0,0,531,0,0,0,1,1,0,0
531,212,hiring_candidate,1026,1027,-1,-1,0,0,0,0,0,0,531,0,0,0,1,1,0,0
531,212,hiring_candidate,1026,1024,-1,-1,0,0,0,0,0,0,531,0,0,0,1,1,0,0
531,212,hiring_candidate,1026,1025,-1,-1,0,0,0,0,0,0,531,0,0,0,1,1,0,0
531,212,hiring_candidate,1026,1026,-1,-1,0,0,0,0,0,0,531,0,0,0,1,1,0,0
531,212,hiring_candidate,1026,1027,-1,-1,0,0,0,0,0,0,531,0,0,0,1,1,0,0
531,212,hiring_candidate,1026,1028,-1,-1,0,0,0,0,0,0,531,0,0,0,1,1,0,0
531,212,hiring_candidate,1026,1024,-1,-1,3,3,0,0,0,0,531,0,0,0,1,1,0,0
531,212,hiring_candidate,1026,1025,-1,-1,3,3,0,0,0,0,531,0,0,0,1,1,0,0
531,212,hiring_candidate,1026,1026,-1,-1,3,3,0,0,0,0,531,0,0,0,1,1,0,0
531,212,hiring_candidate,1026,1027,-1,-1,3,3,0,0,0,0,531,0,0,0,1,1,0,0
531,212,hiring_candidate,1026,1028,-1,-1,3,3,0,0,0,0,531,0,0,0,1,1,0,0
531,212,hiring,1026,-1,-1,-1,-1,-1,-1,-1,0,0,531,0,-1,-1,1,0,0,0
531,213,hiring_candidate,1024,1025,-1,-1,1,1,0,0,0,0,19,0,0,0,1,1,0,0
531,213,hiring_candidate,1024,1027,-1,-1,1,1,0,0,0,0,19,0,0,0,1,1,0,0
531,213,hiring,1024,-1,-1,-1,-1,-1,-1,-1,0,0,19,0,-1,-1,1,0,0,0
531,214,hiring_candidate,2050,2048,-1,-1,0,0,0,0,0,0,19,0,0,0,1,1,0,0
531,214,hiring_candidate,2050,2050,-1,-1,0,0,0,0,0,0,19,0,0,0,1,1,0,0
531,214,hiring_candidate,2050,2051,-1,-1,0,0,0,0,0,0,19,0,0,0,1,1,0,0
531,214,hiring,2050,-1,-1,-1,-1,-1,-1,-1,0,0,19,0,-1,-1,1,0,0,0
531,215,hiring,3073,-1,-1,-1,-1,-1,-1,-1,0,0,531,0,-1,-1,1,0,0,0
531,216,hiring,3074,-1,-1,-1,-1,-1,-1,-1,0,0,531,0,-1,-1,1,0,0,0
531,217,hiring,3076,-1,-1,-1,-1,-1,-1,-1,0,0,531,0,-1,-1,1,0,0,0
531,218,hiring,3076,-1,-1,-1,-1,-1,-1,-1,0,0,531,0,-1,-1,1,0,0,0
531,219,hiring,3076,-1,-1,-1,-1,-1,-1,-1,0,0,531,0,-1,-1,1,0,0,0
531,220,hiring,3076,-1,-1,-1,-1,-1,-1,-1,0,0,531,0,-1,-1,1,0,0,0
531,221,hiring_candidate,3072,3078,-1,-1,1,1,0,0,0,0,18,0,0,0,1,1,0,0
531,221,hiring_candidate,3072,3081,-1,-1,1,1,0,0,0,0,18,0,0,0,1,1,0,0
531,221,hiring,3072,-1,-1,-1,-1,-1,-1,-1,0,0,18,0,-1,-1,1,0,0,0
531,222,hiring_candidate,3075,3077,-1,-1,0,0,0,0,0,0,80,0,0,0,1,1,0,0
531,222,hiring_candidate,3075,3079,-1,-1,0,0,0,0,0,0,80,0,0,0,1,1,0,0
531,222,hiring_candidate,3075,3080,-1,-1,0,0,0,0,0,0,80,0,0,0,1,1,0,0
531,222,hiring,3075,-1,-1,-1,-1,-1,-1,-1,0,0,80,0,-1,-1,1,0,0,0
532,223,hiring_candidate,1,1,-1,-1,0,0,0,0,0,0,10,0,0,0,1,1,0,0
532,223,hiring_candidate,1,2,-1,-1,0,0,0,0,0,0,10,0,0,0,1,1,0,0
532,223,hiring_candidate,1,3,-1,-1,0,0,0,0,0,0,10,0,0,0,1,1,0,0
532,223,hiring_candidate,1,4,-1,-1,0,0,0,0,0,0,10,0,0,0,1,1,0,0
532,223,hiring,1,-1,-1,-1,-1,-1,-1,-1,0,0,10,0,-1,-1,1,0,0,0
532,224,hiring_candidate,0,0,-1,-1,1,1,0,0,0,0,21,0,0,0,1,1,0,0
532,224,hiring,0,-1,-1,-1,-1,-1,-1,-1,0,0,21,0,-1,-1,1,0,0,0
532,225,hiring_candidate,1026,1025,-1,-1,0,0,0,0,0,0,532,0,0,0,1,1,0,0
532,225,hiring_candidate,1026,1027,-1,-1,0,0,0,0,0,0,532,0,0,0,1,1,0,0
532,225,hiring_candidate,1026,1024,-1,-1,0,0,0,0,0,0,532,0,0,0,1,1,0,0
532,225,hiring_candidate,1026,1025,-1,-1,0,0,0,0,0,0,532,0,0,0,1,1,0,0
532,225,hiring_candidate,1026,1026,-1,-1,0,0,0,0,0,0,532,0,0,0,1,1,0,0
532,225,hiring_candidate,1026,1027,-1,-1,0,0,0,0,0,0,532,0,0,0,1,1,0,0
532,225,hiring_candidate,1026,1028,-1,-1,0,0,0,0,0,0,532,0,0,0,1,1,0,0
532,225,hiring_candidate,1026,1024,-1,-1,3,3,0,0,0,0,532,0,0,0,1,1,0,0
532,225,hiring_candidate,1026,1025,-1,-1,3,3,0,0,0,0,532,0,0,0,1,1,0,0
532,225,hiring_candidate,1026,1026,-1,-1,3,3,0,0,0,0,532,0,0,0,1,1,0,0
532,225,hiring_candidate,1026,1027,-1,-1,3,3,0,0,0,0,532,0,0,0,1,1,0,0
532,225,hiring_candidate,1026,1028,-1,-1,3,3,0,0,0,0,532,0,0,0,1,1,0,0
532,225,hiring,1026,-1,-1,-1,-1,-1,-1,-1,0,0,532,0,-1,-1,1,0,0,0
532,226,hiring_candidate,1024,1025,-1,-1,1,1,0,0,0,0,20,0,0,0,1,1,0,0
532,226,hiring_candidate,1024,1027,-1,-1,1,1,0,0,0,0,20,0,0,0,1,1,0,0
532,226,hiring,1024,-1,-1,-1,-1,-1,-1,-1,0,0,20,0,-1,-1,1,0,0,0
532,227,hiring_candidate,2050,2048,-1,-1,0,0,0,0,0,0,20,0,0,0,1,1,0,0
532,227,hiring_candidate,2050,2050,-1,-1,0,0,0,0,0,0,20,0,0,0,1,1,0,0
532,227,hiring_candidate,2050,2051,-1,-1,0,0,0,0,0,0,20,0,0,0,1,1,0,0
532,227,hiring,2050,-1,-1,-1,-1,-1,-1,-1,0,0,20,0,-1,-1,1,0,0,0
532,228,hiring,3073,-1,-1,-1,-1,-1,-1,-1,0,0,532,0,-1,-1,1,0,0,0
532,229,hiring,3074,-1,-1,-1,-1,-1,-1,-1,0,0,532,0,-1,-1,1,0,0,0
532,230,hiring,3076,-1,-1,-1,-1,-1,-1,-1,0,0,532,0,-1,-1,1,0,0,0
532,231,hiring_candidate,3072,3078,-1,-1,1,1,0,0,0,0,19,0,0,0,1,1,0,0
532,231,hiring_candidate,3072,3081,-1,-1,1,1,0,0,0,0,19,0,0,0,1,1,0,0
532,231,hiring,3072,-1,-1,-1,-1,-1,-1,-1,0,0,19,0,-1,-1,1,0,0,0
532,232,hiring_candidate,3075,3077,-1,-1,0,0,0,0,0,0,81,0,0,0,1,1,0,0
532,232,hiring_candidate,3075,3079,-1,-1,0,0,0,0,0,0,81,0,0,0,1,1,0,0
532,232,hiring_candidate,3075,3080,-1,-1,0,0,0,0,0,0,81,0,0,0,1,1,0,0
532,232,hiring,3075,-1,-1,-1,-1,-1,-1,-1,0,0,81,0,-1,-1,1,0,0,0
533,233,hiring_candidate,1,1,-1,-1,0,0,0,0,0,0,11,0,0,0,1,1,0,0
533,233,hiring_candidate,1,2,-1,-1,0,0,0,0,0,0,11,0,0,0,1,1,0,0
533,233,hiring_candidate,1,3,-1,-1,0,0,0,0,0,0,11,0,0,0,1,1,0,0
533,233,hiring_candidate,1,4,-1,-1,0,0,0,0,0,0,11,0,0,0,1,1,0,0
533,233,hiring,1,-1,-1,-1,-1,-1,-1,-1,0,0,11,0,-1,-1,1,0,0,0
533,234,hiring_candidate,0,0,-1,-1,1,1,0,0,0,0,22,0,0,0,1,1,0,0
533,234,hiring,0,-1,-1,-1,-1,-1,-1,-1,0,0,22,0,-1,-1,1,0,0,0
533,235,movement,1025,1025,6,6,-1,-1,42,42,0,0,21,0,-1,-1,1,1,0,0
533,236,hiring_candidate,1026,1025,-1,-1,0,0,0,0,0,0,533,0,0,0,1,1,0,0
533,236,hiring_candidate,1026,1027,-1,-1,0,0,0,0,0,0,533,0,0,0,1,1,0,0
533,236,hiring_candidate,1026,1024,-1,-1,0,0,0,0,0,0,533,0,0,0,1,1,0,0
533,236,hiring_candidate,1026,1025,-1,-1,0,0,0,0,0,0,533,0,0,0,1,1,0,0
533,236,hiring_candidate,1026,1026,-1,-1,0,0,0,0,0,0,533,0,0,0,1,1,0,0
533,236,hiring_candidate,1026,1027,-1,-1,0,0,0,0,0,0,533,0,0,0,1,1,0,0
533,236,hiring_candidate,1026,1028,-1,-1,0,0,0,0,0,0,533,0,0,0,1,1,0,0
533,236,hiring_candidate,1026,1024,-1,-1,3,3,0,0,0,0,533,0,0,0,1,1,0,0
533,236,hiring_candidate,1026,1025,-1,-1,3,3,0,0,0,0,533,0,0,0,1,1,0,0
533,236,hiring_candidate,1026,1026,-1,-1,3,3,0,0,0,0,533,0,0,0,1,1,0,0
533,236,hiring_candidate,1026,1027,-1,-1,3,3,0,0,0,0,533,0,0,0,1,1,0,0
533,236,hiring_candidate,1026,1028,-1,-1,3,3,0,0,0,0,533,0,0,0,1,1,0,0
533,236,hiring,1026,-1,-1,-1,-1,-1,-1,-1,0,0,533,0,-1,-1,1,0,0,0
533,237,hiring_candidate,1024,1025,-1,-1,1,1,0,0,0,0,21,0,0,0,1,1,0,0
533,237,hiring_candidate,1024,1027,-1,-1,1,1,0,0,0,0,21,0,0,0,1,1,0,0
533,237,hiring,1024,-1,-1,-1,-1,-1,-1,-1,0,0,21,0,-1,-1,1,0,0,0
533,238,hiring_candidate,2050,2048,-1,-1,0,0,0,0,0,0,21,0,0,0,1,1,0,0
533,238,hiring_candidate,2050,2050,-1,-1,0,0,0,0,0,0,21,0,0,0,1,1,0,0
533,238,hiring_candidate,2050,2051,-1,-1,0,0,0,0,0,0,21,0,0,0,1,1,0,0
533,238,hiring,2050,-1,-1,-1,-1,-1,-1,-1,0,0,21,0,-1,-1,1,0,0,0
533,239,hiring,3073,-1,-1,-1,-1,-1,-1,-1,0,0,533,0,-1,-1,1,0,0,0
533,240,hiring,3074,-1,-1,-1,-1,-1,-1,-1,0,0,533,0,-1,-1,1,0,0,0
533,241,hiring,3076,-1,-1,-1,-1,-1,-1,-1,0,0,533,0,-1,-1,1,0,0,0
533,242,hiring_candidate,3072,3078,-1,-1,1,1,0,0,0,0,20,0,0,0,1,1,0,0
533,242,hiring_candidate,3072,3081,-1,-1,1,1,0,0,0,0,20,0,0,0,1,1,0,0
533,242,hiring,3072,-1,-1,-1,-1,-1,-1,-1,0,0,20,0,-1,-1,1,0,0,0
533,243,hiring_candidate,3075,3077,-1,-1,0,0,0,0,0,0,82,0,0,0,1,1,0,0
533,243,hiring_candidate,3075,3079,-1,-1,0,0,0,0,0,0,82,0,0,0,1,1,0,0
533,243,hiring_candidate,3075,3080,-1,-1,0,0,0,0,0,0,82,0,0,0,1,1,0,0
533,243,hiring,3075,-1,-1,-1,-1,-1,-1,-1,0,0,82,0,-1,-1,1,0,0,0
534,244,hiring_candidate,1,1,-1,-1,0,0,0,0,0,0,12,0,0,0,1,1,0,0
534,244,hiring_candidate,1,2,-1,-1,0,0,0,0,0,0,12,0,0,0,1,1,0,0
534,244,hiring_candidate,1,3,-1,-1,0,0,0,0,0,0,12,0,0,0,1,1,0,0
534,244,hiring_candidate,1,4,-1,-1,0,0,0,0,0,0,12,0,0,0,1,1,0,0
534,244,hiring,1,-1,-1,-1,-1,-1,-1,-1,0,0,12,0,-1,-1,1,0,0,0
534,245,hiring_candidate,0,0,-1,-1,1,1,0,0,0,0,23,0,0,0,1,1,0,0
534,245,hiring,0,-1,-1,-1,-1,-1,-1,-1,0,0,23,0,-1,-1,1,0,0,0
534,246,hiring_candidate,1026,1025,-1,-1,0,0,0,0,0,0,534,0,0,0,1,1,0,0
534,246,hiring_candidate,1026,1027,-1,-1,0,0,0,0,0,0,534,0,0,0,1,1,0,0
534,246,hiring_candidate,1026,1024,-1,-1,0,0,0,0,0,0,534,0,0,0,1,1,0,0
534,246,hiring_candidate,1026,1025,-1,-1,0,0,0,0,0,0,534,0,0,0,1,1,0,0
534,246,hiring_candidate,1026,1026,-1,-1,0,0,0,0,0,0,534,0,0,0,1,1,0,0
534,246,hiring_candidate,1026,1027,-1,-1,0,0,0,0,0,0,534,0,0,0,1,1,0,0
534,246,hiring_candidate,1026,1028,-1,-1,0,0,0,0,0,0,534,0,0,0,1,1,0,0
534,246,hiring_candidate,1026,1024,-1,-1,3,3,0,0,0,0,534,0,0,0,1,1,0,0
534,246,hiring_candidate,1026,1025,-1,-1,3,3,0,0,0,0,534,0,0,0,1,1,0,0
534,246,hiring_candidate,1026,1026,-1,-1,3,3,0,0,0,0,534,0,0,0,1,1,0,0
534,246,hiring_candidate,1026,1027,-1,-1,3,3,0,0,0,0,534,0,0,0,1,1,0,0
534,246,hiring_candidate,1026,1028,-1,-1,3,3,0,0,0,0,534,0,0,0,1,1,0,0
534,246,hiring,1026,-1,-1,-1,-1,-1,-1,-1,0,0,534,0,-1,-1,1,0,0,0
534,247,hiring_candidate,1024,1025,-1,-1,1,1,0,0,0,0,22,0,0,0,1,1,0,0
534,247,hiring_candidate,1024,1027,-1,-1,1,1,0,0,0,0,22,0,0,0,1,1,0,0
534,247,hiring,1024,-1,-1,-1,-1,-1,-1,-1,0,0,22,0,-1,-1,1,0,0,0
534,248,hiring_candidate,2050,2048,-1,-1,0,0,0,0,0,0,22,0,0,0,1,1,0,0
534,248,hiring_candidate,2050,2050,-1,-1,0,0,0,0,0,0,22,0,0,0,1,1,0,0
534,248,hiring_candidate,2050,2051,-1,-1,0,0,0,0,0,0,22,0,0,0,1,1,0,0
534,248,hiring,2050,-1,-1,-1,-1,-1,-1,-1,0,0,22,0,-1,-1,1,0,0,0
534,249,hiring,3073,-1,-1,-1,-1,-1,-1,-1,0,0,534,0,-1,-1,1,0,0,0
534,250,hiring,3074,-1,-1,-1,-1,-1,-1,-1,0,0,534,0,-1,-1,1,0,0,0
534,251,hiring,3076,-1,-1,-1,-1,-1,-1,-1,0,0,534,0,-1,-1,1,0,0,0
534,252,hiring_candidate,3072,3078,-1,-1,1,1,0,0,0,0,21,0,0,0,1,1,0,0
534,252,hiring_candidate,3072,3081,-1,-1,1,1,0,0,0,0,21,0,0,0,1,1,0,0
534,252,hiring,3072,-1,-1,-1,-1,-1,-1,-1,0,0,21,0,-1,-1,1,0,0,0
534,253,hiring_candidate,3075,3077,-1,-1,0,0,0,0,0,0,83,0,0,0,1,1,0,0
534,253,hiring_candidate,3075,3079,-1,-1,0,0,0,0,0,0,83,0,0,0,1,1,0,0
534,253,hiring_candidate,3075,3080,-1,-1,0,0,0,0,0,0,83,0,0,0,1,1,0,0
534,253,hiring,3075,-1,-1,-1,-1,-1,-1,-1,0,0,83,0,-1,-1,1,0,0,0
535,254,movement,0,4,5,4,-1,-1,48,48,1,0,24,0,-1,-1,1,1,0,0
535,255,hiring_candidate,1,1,-1,-1,0,0,0,0,0,0,13,0,0,0,1,1,0,0
535,255,hiring_candidate,1,2,-1,-1,0,0,0,0,0,0,13,0,0,0,1,1,0,0
535,255,hiring_candidate,1,3,-1,-1,0,0,0,0,0,0,13,0,0,0,1,1,0,0
535,255,hiring_candidate,1,4,-1,-1,0,0,0,0,0,0,13,0,0,0,1,1,0,0
535,255,hiring,1,-1,-1,-1,-1,-1,-1,-1,0,0,13,0,-1,-1,1,0,0,0
535,256,hiring_candidate,0,0,-1,-1,1,1,0,0,0,0,24,0,0,0,1,1,0,0
535,256,hiring,0,-1,-1,-1,-1,-1,-1,-1,0,0,24,0,-1,-1,1,0,0,0
535,257,hiring_candidate,1026,1025,-1,-1,0,0,0,0,0,0,535,0,0,0,1,1,0,0
535,257,hiring_candidate,1026,1027,-1,-1,0,0,0,0,0,0,535,0,0,0,1,1,0,0
535,257,hiring_candidate,1026,1024,-1,-1,0,0,0,0,0,0,535,0,0,0,1,1,0,0
535,257,hiring_candidate,1026,1025,-1,-1,0,0,0,0,0,0,535,0,0,0,1,1,0,0
535,257,hiring_candidate,1026,1026,-1,-1,0,0,0,0,0,0,535,0,0,0,1,1,0,0
535,257,hiring_candidate,1026,1027,-1,-1,0,0,0,0,0,0,535,0,0,0,1,1,0,0
535,257,hiring_candidate,1026,1028,-1,-1,0,0,0,0,0,0,535,0,0,0,1,1,0,0
535,257,hiring_candidate,1026,1024,-1,-1,3,3,0,0,0,0,535,0,0,0,1,1,0,0
535,257,hiring_candidate,1026,1025,-1,-1,3,3,0,0,0,0,535,0,0,0,1,1,0,0
535,257,hiring_candidate,1026,1026,-1,-1,3,3,0,0,0,0,535,0,0,0,1,1,0,0
535,257,hiring_candidate,1026,1027,-1,-1,3,3,0,0,0,0,535,0,0,0,1,1,0,0
535,257,hiring_candidate,1026,1028,-1,-1,3,3,0,0,0,0,535,0,0,0,1,1,0,0
535,257,hiring,1026,-1,-1,-1,-1,-1,-1,-1,0,0,535,0,-1,-1,1,0,0,0
535,258,hiring_candidate,1024,1025,-1,-1,1,1,0,0,0,0,23,0,0,0,1,1,0,0
535,258,hiring_candidate,1024,1027,-1,-1,1,1,0,0,0,0,23,0,0,0,1,1,0,0
535,258,hiring,1024,-1,-1,-1,-1,-1,-1,-1,0,0,23,0,-1,-1,1,0,0,0
535,259,hiring_candidate,2050,2048,-1,-1,0,0,0,0,0,0,23,0,0,0,1,1,0,0
535,259,hiring_candidate,2050,2050,-1,-1,0,0,0,0,0,0,23,0,0,0,1,1,0,0
535,259,hiring_candidate,2050,2051,-1,-1,0,0,0,0,0,0,23,0,0,0,1,1,0,0
535,259,hiring,2050,-1,-1,-1,-1,-1,-1,-1,0,0,23,0,-1,-1,1,0,0,0
535,260,hiring,3073,-1,-1,-1,-1,-1,-1,-1,0,0,535,0,-1,-1,1,0,0,0
535,261,hiring,3074,-1,-1,-1,-1,-1,-1,-1,0,0,535,0,-1,-1,1,0,0,0
535,262,hiring,3076,-1,-1,-1,-1,-1,-1,-1,0,0,535,0,-1,-1,1,0,0,0
535,263,hiring_candidate,3072,3078,-1,-1,1,1,0,0,0,0,22,0,0,0,1,1,0,0
535,263,hiring_candidate,3072,3081,-1,-1,1,1,0,0,0,0,22,0,0,0,1,1,0,0
535,263,hiring,3072,-1,-1,-1,-1,-1,-1,-1,0,0,22,0,-1,-1,1,0,0,0
535,264,hiring_candidate,3075,3077,-1,-1,0,0,0,0,0,0,84,0,0,0,1,1,0,0
535,264,hiring_candidate,3075,3079,-1,-1,0,0,0,0,0,0,84,0,0,0,1,1,0,0
535,264,hiring_candidate,3075,3080,-1,-1,0,0,0,0,0,0,84,0,0,0,1,1,0,0
535,264,hiring,3075,-1,-1,-1,-1,-1,-1,-1,0,0,84,0,-1,-1,1,0,0,0
536,265,hiring_candidate,1,1,-1,-1,0,0,0,0,0,0,14,0,0,0,1,1,0,0
536,265,hiring_candidate,1,2,-1,-1,0,0,0,0,0,0,14,0,0,0,1,1,0,0
536,265,hiring_candidate,1,3,-1,-1,0,0,0,0,0,0,14,0,0,0,1,1,0,0
536,265,hiring_candidate,1,4,-1,-1,0,0,0,0,0,0,14,0,0,0,1,1,0,0
536,265,hiring,1,-1,-1,-1,-1,-1,-1,-1,0,0,14,0,-1,-1,1,0,0,0
536,266,hiring_candidate,0,0,-1,-1,1,1,0,0,0,0,25,0,0,0,1,1,0,0
536,266,hiring,0,-1,-1,-1,-1,-1,-1,-1,0,0,25,0,-1,-1,1,0,0,0
536,267,hiring_candidate,1026,1025,-1,-1,0,0,0,0,0,0,536,0,0,0,1,1,0,0
536,267,hiring_candidate,1026,1027,-1,-1,0,0,0,0,0,0,536,0,0,0,1,1,0,0
536,267,hiring_candidate,1026,1024,-1,-1,0,0,0,0,0,0,536,0,0,0,1,1,0,0
536,267,hiring_candidate,1026,1025,-1,-1,0,0,0,0,0,0,536,0,0,0,1,1,0,0
536,267,hiring_candidate,1026,1026,-1,-1,0,0,0,0,0,0,536,0,0,0,1,1,0,0
536,267,hiring_candidate,1026,1027,-1,-1,0,0,0,0,0,0,536,0,0,0,1,1,0,0
536,267,hiring_candidate,1026,1028,-1,-1,0,0,0,0,0,0,536,0,0,0,1,1,0,0
536,267,hiring_candidate,1026,1024,-1,-1,3,3,0,0,0,0,536,0,0,0,1,1,0,0
536,267,hiring_candidate,1026,1025,-1,-1,3,3,0,0,0,0,536,0,0,0,1,1,0,0
536,267,hiring_candidate,1026,1026,-1,-1,3,3,0,0,0,0,536,0,0,0,1,1,0,0
536,267,hiring_candidate,1026,1027,-1,-1,3,3,0,0,0,0,536,0,0,0,1,1,0,0
536,267,hiring_candidate,1026,1028,-1,-1,3,3,0,0,0,0,536,0,0,0,1,1,0,0
536,267,hiring,1026,-1,-1,-1,-1,-1,-1,-1,0,0,536,0,-1,-1,1,0,0,0
536,268,hiring_candidate,1024,1025,-1,-1,1,1,0,0,0,0,24,0,0,0,1,1,0,0
536,268,hiring_candidate,1024,1027,-1,-1,1,1,0,0,0,0,24,0,0,0,1,1,0,0
536,268,hiring,1024,-1,-1,-1,-1,-1,-1,-1,0,0,24,0,-1,-1,1,0,0,0
536,269,hiring_candidate,2050,2048,-1,-1,0,0,0,0,0,0,24,0,0,0,1,1,0,0
536,269,hiring_candidate,2050,2050,-1,-1,0,0,0,0,0,0,24,0,0,0,1,1,0,0
536,269,hiring_candidate,2050,2051,-1,-1,0,0,0,0,0,0,24,0,0,0,1,1,0,0
536,269,hiring,2050,-1,-1,-1,-1,-1,-1,-1,0,0,24,0,-1,-1,1,0,0,0
536,270,hiring,3073,-1,-1,-1,-1,-1,-1,-1,0,0,536,0,-1,-1,1,0,0,0
536,271,hiring,3074,-1,-1,-1,-1,-1,-1,-1,0,0,536,0,-1,-1,1,0,0,0
536,272,hiring,3076,-1,-1,-1,-1,-1,-1,-1,0,0,536,0,-1,-1,1,0,0,0
536,273,hiring_candidate,3072,3078,-1,-1,1,1,0,0,0,0,23,0,0,0,1,1,0,0
536,273,hiring_candidate,3072,3081,-1,-1,1,1,0,0,0,0,23,0,0,0,1,1,0,0
536,273,hiring,3072,-1,-1,-1,-1,-1,-1,-1,0,0,23,0,-1,-1,1,0,0,0
536,274,hiring_candidate,3075,3077,-1,-1,0,0,0,0,0,0,85,0,0,0,1,1,0,0
536,274,hiring_candidate,3075,3079,-1,-1,0,0,0,0,0,0,85,0,0,0,1,1,0,0
536,274,hiring_candidate,3075,3080,-1,-1,0,0,0,0,0,0,85,0,0,0,1,1,0,0
536,274,hiring,3075,-1,-1,-1,-1,-1,-1,-1,0,0,85,0,-1,-1,1,0,0,0
537,275,resource_type,0,1,-1,-1,-1,-1,256,256,0,0,26,0,-1,-1,1,1,0,0
537,275,resource,0,1,-2,-2,-1,-1,256,256,0,0,26,0,-1,-1,1,1,0,0
537,275,resource_site,0,1,-1,-1,-1,-1,0,0,0,0,26,0,-1,-1,1,1,0,0
537,276,hiring_candidate,0,0,-1,-1,1,1,0,0,0,0,26,0,0,0,1,1,0,0
537,276,hiring_candidate,0,1,1,1,1,1,1536,1536,0,0,26,0,-1,-1,1,1,1,1
537,276,hiring,0,-1,1,1,1,1,1536,1536,0,0,26,0,-1,-1,1,0,1,1
537,277,hiring_candidate,1,1,-1,-1,0,0,0,0,0,0,15,0,0,0,1,1,0,0
537,277,hiring_candidate,1,2,-1,-1,0,0,0,0,0,0,15,0,0,0,1,1,0,0
537,277,hiring_candidate,1,3,-1,-1,0,0,0,0,0,0,15,0,0,0,1,1,0,0
537,277,hiring_candidate,1,4,-1,-1,0,0,0,0,0,0,15,0,0,0,1,1,0,0
537,277,hiring,1,-1,-1,-1,-1,-1,-1,-1,0,0,15,0,-1,-1,1,0,0,0
537,278,hiring_candidate,0,0,-1,-1,1,1,0,0,0,0,26,0,0,0,1,1,0,0
537,278,hiring,0,-1,-1,-1,-1,-1,-1,-1,0,0,26,0,-1,-1,1,0,0,0
537,279,hiring_candidate,1026,1025,-1,-1,0,0,0,0,0,0,537,0,0,0,1,1,0,0
537,279,hiring_candidate,1026,1027,-1,-1,0,0,0,0,0,0,537,0,0,0,1,1,0,0
537,279,hiring_candidate,1026,1024,-1,-1,0,0,0,0,0,0,537,0,0,0,1,1,0,0
537,279,hiring_candidate,1026,1025,-1,-1,0,0,0,0,0,0,537,0,0,0,1,1,0,0
537,279,hiring_candidate,1026,1026,-1,-1,0,0,0,0,0,0,537,0,0,0,1,1,0,0
537,279,hiring_candidate,1026,1027,-1,-1,0,0,0,0,0,0,537,0,0,0,1,1,0,0
537,279,hiring_candidate,1026,1028,-1,-1,0,0,0,0,0,0,537,0,0,0,1,1,0,0
537,279,hiring_candidate,1026,1024,-1,-1,3,3,0,0,0,0,537,0,0,0,1,1,0,0
537,279,hiring_candidate,1026,1025,-1,-1,3,3,0,0,0,0,537,0,0,0,1,1,0,0
537,279,hiring_candidate,1026,1026,-1,-1,3,3,0,0,0,0,537,0,0,0,1,1,0,0
537,279,hiring_candidate,1026,1027,-1,-1,3,3,0,0,0,0,537,0,0,0,1,1,0,0
537,279,hiring_candidate,1026,1028,-1,-1,3,3,0,0,0,0,537,0,0,0,1,1,0,0
537,279,hiring,1026,-1,-1,-1,-1,-1,-1,-1,0,0,537,0,-1,-1,1,0,0,0
537,280,hiring_candidate,1024,1025,-1,-1,1,1,0,0,0,0,25,0,0,0,1,1,0,0
537,280,hiring_candidate,1024,1027,-1,-1,1,1,0,0,0,0,25,0,0,0,1,1,0,0
537,280,hiring,1024,-1,-1,-1,-1,-1,-1,-1,0,0,25,0,-1,-1,1,0,0,0
537,281,hiring_candidate,2050,2048,-1,-1,0,0,0,0,0,0,25,0,0,0,1,1,0,0
537,281,hiring_candidate,2050,2050,-1,-1,0,0,0,0,0,0,25,0,0,0,1,1,0,0
537,281,hiring_candidate,2050,2051,-1,-1,0,0,0,0,0,0,25,0,0,0,1,1,0,0
537,281,hiring,2050,-1,-1,-1,-1,-1,-1,-1,0,0,25,0,-1,-1,1,0,0,0
537,282,hiring,3073,-1,-1,-1,-1,-1,-1,-1,0,0,537,0,-1,-1,1,0,0,0
537,283,hiring,3074,-1,-1,-1,-1,-1,-1,-1,0,0,537,0,-1,-1,1,0,0,0
537,284,hiring,3076,-1,-1,-1,-1,-1,-1,-1,0,0,537,0,-1,-1,1,0,0,0
537,285,hiring_candidate,3072,3078,-1,-1,1,1,0,0,0,0,24,0,0,0,1,1,0,0
537,285,hiring_candidate,3072,3081,-1,-1,1,1,0,0,0,0,24,0,0,0,1,1,0,0
537,285,hiring,3072,-1,-1,-1,-1,-1,-1,-1,0,0,24,0,-1,-1,1,0,0,0
537,286,hiring_candidate,3075,3077,-1,-1,0,0,0,0,0,0,86,0,0,0,1,1,0,0
537,286,hiring_candidate,3075,3079,-1,-1,0,0,0,0,0,0,86,0,0,0,1,1,0,0
537,286,hiring_candidate,3075,3080,-1,-1,0,0,0,0,0,0,86,0,0,0,1,1,0,0
537,286,hiring,3075,-1,-1,-1,-1,-1,-1,-1,0,0,86,0,-1,-1,1,0,0,0
538,287,movement,0,2,1,1,1,1,84,84,0,0,27,0,-1,-1,1,1,0,0
538,288,hiring_candidate,1,1,-1,-1,0,0,0,0,0,0,16,0,0,0,1,1,0,0
538,288,hiring_candidate,1,2,-1,-1,0,0,0,0,0,0,16,0,0,0,1,1,0,0
538,288,hiring_candidate,1,3,-1,-1,0,0,0,0,0,0,16,0,0,0,1,1,0,0
538,288,hiring_candidate,1,4,-1,-1,0,0,0,0,0,0,16,0,0,0,1,1,0,0
538,288,hiring,1,-1,-1,-1,-1,-1,-1,-1,0,0,16,0,-1,-1,1,0,0,0
538,289,hiring_candidate,0,0,-1,-1,1,1,0,0,0,0,27,0,0,0,1,1,0,0
538,289,hiring,0,-1,-1,-1,-1,-1,-1,-1,0,0,27,0,-1,-1,1,0,0,0
538,290,hiring_candidate,1026,1025,-1,-1,0,0,0,0,0,0,538,0,0,0,1,1,0,0
538,290,hiring_candidate,1026,1027,-1,-1,0,0,0,0,0,0,538,0,0,0,1,1,0,0
538,290,hiring_candidate,1026,1024,-1,-1,0,0,0,0,0,0,538,0,0,0,1,1,0,0
538,290,hiring_candidate,1026,1025,-1,-1,0,0,0,0,0,0,538,0,0,0,1,1,0,0
538,290,hiring_candidate,1026,1026,-1,-1,0,0,0,0,0,0,538,0,0,0,1,1,0,0
538,290,hiring_candidate,1026,1027,-1,-1,0,0,0,0,0,0,538,0,0,0,1,1,0,0
538,290,hiring_candidate,1026,1028,-1,-1,0,0,0,0,0,0,538,0,0,0,1,1,0,0
538,290,hiring_candidate,1026,1024,-1,-1,3,3,0,0,0,0,538,0,0,0,1,1,0,0
538,290,hiring_candidate,1026,1025,-1,-1,3,3,0,0,0,0,538,0,0,0,1,1,0,0
538,290,hiring_candidate,1026,1026,-1,-1,3,3,0,0,0,0,538,0,0,0,1,1,0,0
538,290,hiring_candidate,1026,1027,-1,-1,3,3,0,0,0,0,538,0,0,0,1,1,0,0
538,290,hiring_candidate,1026,1028,-1,-1,3,3,0,0,0,0,538,0,0,0,1,1,0,0
538,290,hiring,1026,-1,-1,-1,-1,-1,-1,-1,0,0,538,0,-1,-1,1,0,0,0
538,291,hiring_candidate,1024,1025,-1,-1,1,1,0,0,0,0,26,0,0,0,1,1,0,0
538,291,hiring_candidate,1024,1027,-1,-1,1,1,0,0,0,0,26,0,0,0,1,1,0,0
538,291,hiring,1024,-1,-1,-1,-1,-1,-1,-1,0,0,26,0,-1,-1,1,0,0,0
538,292,hiring_candidate,2050,2048,-1,-1,0,0,0,0,0,0,26,0,0,0,1,1,0,0
538,292,hiring_candidate,2050,2050,-1,-1,0,0,0,0,0,0,26,0,0,0,1,1,0,0
538,292,hiring_candidate,2050,2051,-1,-1,0,0,0,0,0,0,26,0,0,0,1,1,0,0
538,292,hiring,2050,-1,-1,-1,-1,-1,-1,-1,0,0,26,0,-1,-1,1,0,0,0
538,293,hiring,3073,-1,-1,-1,-1,-1,-1,-1,0,0,538,0,-1,-1,1,0,0,0
538,294,hiring,3074,-1,-1,-1,-1,-1,-1,-1,0,0,538,0,-1,-1,1,0,0,0
538,295,hiring,3076,-1,-1,-1,-1,-1,-1,-1,0,0,538,0,-1,-1,1,0,0,0
538,296,hiring_candidate,3072,3078,-1,-1,1,1,0,0,0,0,25,0,0,0,1,1,0,0
538,296,hiring_candidate,3072,3081,-1,-1,1,1,0,0,0,0,25,0,0,0,1,1,0,0
538,296,hiring,3072,-1,-1,-1,-1,-1,-1,-1,0,0,25,0,-1,-1,1,0,0,0
538,297,hiring_candidate,3075,3077,-1,-1,0,0,0,0,0,0,87,0,0,0,1,1,0,0
538,297,hiring_candidate,3075,3079,-1,-1,0,0,0,0,0,0,87,0,0,0,1,1,0,0
538,297,hiring_candidate,3075,3080,-1,-1,0,0,0,0,0,0,87,0,0,0,1,1,0,0
538,297,hiring,3075,-1,-1,-1,-1,-1,-1,-1,0,0,87,0,-1,-1,1,0,0,0
539,298,hiring_candidate,1,1,-1,-1,0,0,0,0,0,0,17,0,0,0,1,1,0,0
539,298,hiring_candidate,1,2,-1,-1,0,0,0,0,0,0,17,0,0,0,1,1,0,0
539,298,hiring_candidate,1,3,-1,-1,0,0,0,0,0,0,17,0,0,0,1,1,0,0
539,298,hiring_candidate,1,4,-1,-1,0,0,0,0,0,0,17,0,0,0,1,1,0,0
539,298,hiring,1,-1,-1,-1,-1,-1,-1,-1,0,0,17,0,-1,-1,1,0,0,0
539,299,hiring_candidate,0,0,-1,-1,1,1,0,0,0,0,28,0,0,0,1,1,0,0
539,299,hiring,0,-1,-1,-1,-1,-1,-1,-1,0,0,28,0,-1,-1,1,0,0,0
539,300,hiring_candidate,1026,1025,-1,-1,0,0,0,0,0,0,539,0,0,0,1,1,0,0
539,300,hiring_candidate,1026,1027,-1,-1,0,0,0,0,0,0,539,0,0,0,1,1,0,0
539,300,hiring_candidate,1026,1024,-1,-1,0,0,0,0,0,0,539,0,0,0,1,1,0,0
539,300,hiring_candidate,1026,1025,-1,-1,0,0,0,0,0,0,539,0,0,0,1,1,0,0
539,300,hiring_candidate,1026,1026,-1,-1,0,0,0,0,0,0,539,0,0,0,1,1,0,0
539,300,hiring_candidate,1026,1027,-1,-1,0,0,0,0,0,0,539,0,0,0,1,1,0,0
539,300,hiring_candidate,1026,1028,-1,-1,0,0,0,0,0,0,539,0,0,0,1,1,0,0
539,300,hiring_candidate,1026,1024,-1,-1,3,3,0,0,0,0,539,0,0,0,1,1,0,0
539,300,hiring_candidate,1026,1025,-1,-1,3,3,0,0,0,0,539,0,0,0,1,1,0,0
539,300,hiring_candidate,1026,1026,-1,-1,3,3,0,0,0,0,539,0,0,0,1,1,0,0
539,300,hiring_candidate,1026,1027,-1,-1,3,3,0,0,0,0,539,0,0,0,1,1,0,0
539,300,hiring_candidate,1026,1028,-1,-1,3,3,0,0,0,0,539,0,0,0,1,1,0,0
539,300,hiring,1026,-1,-1,-1,-1,-1,-1,-1,0,0,539,0,-1,-1,1,0,0,0
539,301,hiring_candidate,1024,1025,-1,-1,1,1,0,0,0,0,27,0,0,0,1,1,0,0
539,301,hiring_candidate,1024,1027,-1,-1,1,1,0,0,0,0,27,0,0,0,1,1,0,0
539,301,hiring,1024,-1,-1,-1,-1,-1,-1,-1,0,0,27,0,-1,-1,1,0,0,0
539,302,hiring_candidate,2050,2048,-1,-1,0,0,0,0,0,0,27,0,0,0,1,1,0,0
539,302,hiring_candidate,2050,2050,-1,-1,0,0,0,0,0,0,27,0,0,0,1,1,0,0
539,302,hiring_candidate,2050,2051,-1,-1,0,0,0,0,0,0,27,0,0,0,1,1,0,0
539,302,hiring,2050,-1,-1,-1,-1,-1,-1,-1,0,0,27,0,-1,-1,1,0,0,0
539,303,hiring,3073,-1,-1,-1,-1,-1,-1,-1,0,0,539,0,-1,-1,1,0,0,0
539,304,hiring,3074,-1,-1,-1,-1,-1,-1,-1,0,0,539,0,-1,-1,1,0,0,0
539,305,hiring,3076,-1,-1,-1,-1,-1,-1,-1,0,0,539,0,-1,-1,1,0,0,0
539,306,hiring_candidate,3072,3078,-1,-1,1,1,0,0,0,0,26,0,0,0,1,1,0,0
539,306,hiring_candidate,3072,3081,-1,-1,1,1,0,0,0,0,26,0,0,0,1,1,0,0
539,306,hiring,3072,-1,-1,-1,-1,-1,-1,-1,0,0,26,0,-1,-1,1,0,0,0
539,307,hiring_candidate,3075,3077,-1,-1,0,0,0,0,0,0,88,0,0,0,1,1,0,0
539,307,hiring_candidate,3075,3079,-1,-1,0,0,0,0,0,0,88,0,0,0,1,1,0,0
539,307,hiring_candidate,3075,3080,-1,-1,0,0,0,0,0,0,88,0,0,0,1,1,0,0
539,307,hiring,3075,-1,-1,-1,-1,-1,-1,-1,0,0,88,0,-1,-1,1,0,0,0
540,308,hiring_candidate,1,1,-1,-1,0,0,0,0,0,0,18,0,0,0,1,1,0,0
540,308,hiring_candidate,1,2,-1,-1,0,0,0,0,0,0,18,0,0,0,1,1,0,0
540,308,hiring_candidate,1,3,-1,-1,0,0,0,0,0,0,18,0,0,0,1,1,0,0
540,308,hiring_candidate,1,4,-1,-1,0,0,0,0,0,0,18,0,0,0,1,1,0,0
540,308,hiring,1,-1,-1,-1,-1,-1,-1,-1,0,0,18,0,-1,-1,1,0,0,0
540,309,hiring_candidate,0,0,-1,-1,1,1,0,0,0,0,29,0,0,0,1,1,0,0
540,309,hiring,0,-1,-1,-1,-1,-1,-1,-1,0,0,29,0,-1,-1,1,0,0,0
540,310,hiring_candidate,1026,1025,-1,-1,0,0,0,0,0,0,540,0,0,0,1,1,0,0
540,310,hiring_candidate,1026,1027,-1,-1,0,0,0,0,0,0,540,0,0,0,1,1,0,0
540,310,hiring_candidate,1026,1024,-1,-1,0,0,0,0,0,0,540,0,0,0,1,1,0,0
540,310,hiring_candidate,1026,1025,-1,-1,0,0,0,0,0,0,540,0,0,0,1,1,0,0
540,310,hiring_candidate,1026,1026,-1,-1,0,0,0,0,0,0,540,0,0,0,1,1,0,0
540,310,hiring_candidate,1026,1027,-1,-1,0,0,0,0,0,0,540,0,0,0,1,1,0,0
540,310,hiring_candidate,1026,1028,-1,-1,0,0,0,0,0,0,540,0,0,0,1,1,0,0
540,310,hiring_candidate,1026,1024,-1,-1,3,3,0,0,0,0,540,0,0,0,1,1,0,0
540,310,hiring_candidate,1026,1025,-1,-1,3,3,0,0,0,0,540,0,0,0,1,1,0,0
540,310,hiring_candidate,1026,1026,-1,-1,3,3,0,0,0,0,540,0,0,0,1,1,0,0
540,310,hiring_candidate,1026,1027,-1,-1,3,3,0,0,0,0,540,0,0,0,1,1,0,0
540,310,hiring_candidate,1026,1028,-1,-1,3,3,0,0,0,0,540,0,0,0,1,1,0,0
540,310,hiring,1026,-1,-1,-1,-1,-1,-1,-1,0,0,540,0,-1,-1,1,0,0,0
540,311,hiring_candidate,1024,1025,-1,-1,1,1,0,0,0,0,28,0,0,0,1,1,0,0
540,311,hiring_candidate,1024,1027,-1,-1,1,1,0,0,0,0,28,0,0,0,1,1,0,0
540,311,hiring,1024,-1,-1,-1,-1,-1,-1,-1,0,0,28,0,-1,-1,1,0,0,0
540,312,hiring_candidate,2050,2048,-1,-1,0,0,0,0,0,0,28,0,0,0,1,1,0,0
540,312,hiring_candidate,2050,2050,-1,-1,0,0,0,0,0,0,28,0,0,0,1,1,0,0
540,312,hiring_candidate,2050,2051,-1,-1,0,0,0,0,0,0,28,0,0,0,1,1,0,0
540,312,hiring,2050,-1,-1,-1,-1,-1,-1,-1,0,0,28,0,-1,-1,1,0,0,0
540,313,hiring,3073,-1,-1,-1,-1,-1,-1,-1,0,0,540,0,-1,-1,1,0,0,0
540,314,hiring,3074,-1,-1,-1,-1,-1,-1,-1,0,0,540,0,-1,-1,1,0,0,0
540,315,hiring,3076,-1,-1,-1,-1,-1,-1,-1,0,0,540,0,-1,-1,1,0,0,0
540,316,hiring_candidate,3072,3078,-1,-1,1,1,0,0,0,0,27,0,0,0,1,1,0,0
540,316,hiring_candidate,3072,3081,-1,-1,1,1,0,0,0,0,27,0,0,0,1,1,0,0
540,316,hiring,3072,-1,-1,-1,-1,-1,-1,-1,0,0,27,0,-1,-1,1,0,0,0
540,317,hiring_candidate,3075,3077,-1,-1,0,0,0,0,0,0,89,0,0,0,1,1,0,0
540,317,hiring_candidate,3075,3079,-1,-1,0,0,0,0,0,0,89,0,0,0,1,1,0,0
540,317,hiring_candidate,3075,3080,-1,-1,0,0,0,0,0,0,89,0,0,0,1,1,0,0
540,317,hiring,3075,-1,-1,-1,-1,-1,-1,-1,0,0,89,0,-1,-1,1,0,0,0
541,318,hiring_candidate,1,1,-1,-1,0,0,0,0,0,0,19,0,0,0,1,1,0,0
541,318,hiring_candidate,1,2,-1,-1,0,0,0,0,0,0,19,0,0,0,1,1,0,0
541,318,hiring_candidate,1,3,-1,-1,0,0,0,0,0,0,19,0,0,0,1,1,0,0
541,318,hiring_candidate,1,4,-1,-1,0,0,0,0,0,0,19,0,0,0,1,1,0,0
541,318,hiring,1,-1,-1,-1,-1,-1,-1,-1,0,0,19,0,-1,-1,1,0,0,0
541,319,hiring_candidate,0,0,-1,-1,1,1,0,0,0,0,30,0,0,0,1,1,0,0
541,319,hiring,0,-1,-1,-1,-1,-1,-1,-1,0,0,30,0,-1,-1,1,0,0,0
541,320,hiring_candidate,1026,1025,-1,-1,0,0,0,0,0,0,541,0,0,0,1,1,0,0
541,320,hiring_candidate,1026,1027,-1,-1,0,0,0,0,0,0,541,0,0,0,1,1,0,0
541,320,hiring_candidate,1026,1024,-1,-1,0,0,0,0,0,0,541,0,0,0,1,1,0,0
541,320,hiring_candidate,1026,1025,-1,-1,0,0,0,0,0,0,541,0,0,0,1,1,0,0
541,320,hiring_candidate,1026,1026,-1,-1,0,0,0,0,0,0,541,0,0,0,1,1,0,0
541,320,hiring_candidate,1026,1027,-1,-1,0,0,0,0,0,0,541,0,0,0,1,1,0,0
541,320,hiring_candidate,1026,1028,-1,-1,0,0,0,0,0,0,541,0,0,0,1,1,0,0
541,320,hiring_candidate,1026,1024,-1,-1,3,3,0,0,0,0,541,0,0,0,1,1,0,0
541,320,hiring_candidate,1026,1025,-1,-1,3,3,0,0,0,0,541,0,0,0,1,1,0,0
541,320,hiring_candidate,1026,1026,-1,-1,3,3,0,0,0,0,541,0,0,0,1,1,0,0
541,320,hiring_candidate,1026,1027,-1,-1,3,3,0,0,0,0,541,0,0,0,1,1,0,0
541,320,hiring_candidate,1026,1028,-1,-1,3,3,0,0,0,0,541,0,0,0,1,1,0,0
541,320,hiring,1026,-1,-1,-1,-1,-1,-1,-1,0,0,541,0,-1,-1,1,0,0,0
541,321,hiring_candidate,1024,1025,-1,-1,1,1,0,0,0,0,29,0,0,0,1,1,0,0
541,321,hiring_candidate,1024,1027,-1,-1,1,1,0,0,0,0,29,0,0,0,1,1,0,0
541,321,hiring,1024,-1,-1,-1,-1,-1,-1,-1,0,0,29,0,-1,-1,1,0,0,0
541,322,hiring_candidate,2050,2048,-1,-1,0,0,0,0,0,0,29,0,0,0,1,1,0,0
541,322,hiring_candidate,2050,2050,-1,-1,0,0,0,0,0,0,29,0,0,0,1,1,0,0
541,322,hiring_candidate,2050,2051,-1,-1,0,0,0,0,0,0,29,0,0,0,1,1,0,0
541,322,hiring,2050,-1,-1,-1,-1,-1,-1,-1,0,0,29,0,-1,-1,1,0,0,0
541,323,hiring,3073,-1,-1,-1,-1,-1,-1,-1,0,0,541,0,-1,-1,1,0,0,0
541,324,hiring,3074,-1,-1,-1,-1,-1,-1,-1,0,0,541,0,-1,-1,1,0,0,0
541,325,hiring,3076,-1,-1,-1,-1,-1,-1,-1,0,0,541,0,-1,-1,1,0,0,0
541,326,hiring_candidate,3072,3078,-1,-1,1,1,0,0,0,0,28,0,0,0,1,1,0,0
541,326,hiring_candidate,3072,3081,-1,-1,1,1,0,0,0,0,28,0,0,0,1,1,0,0
541,326,hiring,3072,-1,-1,-1,-1,-1,-1,-1,0,0,28,0,-1,-1,1,0,0,0
541,327,hiring_candidate,3075,3077,-1,-1,0,0,0,0,0,0,90,0,0,0,1,1,0,0
541,327,hiring_candidate,3075,3079,-1,-1,0,0,0,0,0,0,90,0,0,0,1,1,0,0
541,327,hiring_candidate,3075,3080,-1,-1,0,0,0,0,0,0,90,0,0,0,1,1,0,0
541,327,hiring,3075,-1,-1,-1,-1,-1,-1,-1,0,0,90,0,-1,-1,1,0,0,0
542,328,hiring_candidate,1,1,-1,-1,0,0,0,0,0,0,20,0,0,0,1,1,0,0
542,328,hiring_candidate,1,2,-1,-1,0,0,0,0,0,0,20,0,0,0,1,1,0,0
542,328,hiring_candidate,1,3,-1,-1,0,0,0,0,0,0,20,0,0,0,1,1,0,0
542,328,hiring_candidate,1,4,-1,-1,0,0,0,0,0,0,20,0,0,0,1,1,0,0
542,328,hiring,1,-1,-1,-1,-1,-1,-1,-1,0,0,20,0,-1,-1,1,0,0,0
542,329,hiring_candidate,0,0,-1,-1,1,1,0,0,0,0,31,0,0,0,1,1,0,0
542,329,hiring,0,-1,-1,-1,-1,-1,-1,-1,0,0,31,0,-1,-1,1,0,0,0
542,330,hiring_candidate,1026,1025,-1,-1,0,0,0,0,0,0,542,0,0,0,1,1,0,0
542,330,hiring_candidate,1026,1027,-1,-1,0,0,0,0,0,0,542,0,0,0,1,1,0,0
542,330,hiring_candidate,1026,1024,-1,-1,0,0,0,0,0,0,542,0,0,0,1,1,0,0
542,330,hiring_candidate,1026,1025,-1,-1,0,0,0,0,0,0,542,0,0,0,1,1,0,0
542,330,hiring_candidate,1026,1026,-1,-1,0,0,0,0,0,0,542,0,0,0,1,1,0,0
542,330,hiring_candidate,1026,1027,-1,-1,0,0,0,0,0,0,542,0,0,0,1,1,0,0
542,330,hiring_candidate,1026,1028,-1,-1,0,0,0,0,0,0,542,0,0,0,1,1,0,0
542,330,hiring_candidate,1026,1024,-1,-1,3,3,0,0,0,0,542,0,0,0,1,1,0,0
542,330,hiring_candidate,1026,1025,-1,-1,3,3,0,0,0,0,542,0,0,0,1,1,0,0
542,330,hiring_candidate,1026,1026,-1,-1,3,3,0,0,0,0,542,0,0,0,1,1,0,0
542,330,hiring_candidate,1026,1027,-1,-1,3,3,0,0,0,0,542,0,0,0,1,1,0,0
542,330,hiring_candidate,1026,1028,-1,-1,3,3,0,0,0,0,542,0,0,0,1,1,0,0
542,330,hiring,1026,-1,-1,-1,-1,-1,-1,-1,0,0,542,0,-1,-1,1,0,0,0
542,331,hiring_candidate,1024,1025,-1,-1,1,1,0,0,0,0,30,0,0,0,1,1,0,0
542,331,hiring_candidate,1024,1027,-1,-1,1,1,0,0,0,0,30,0,0,0,1,1,0,0
542,331,hiring,1024,-1,-1,-1,-1,-1,-1,-1,0,0,30,0,-1,-1,1,0,0,0
542,332,hiring_candidate,2050,2048,-1,-1,0,0,0,0,0,0,30,0,0,0,1,1,0,0
542,332,hiring_candidate,2050,2050,-1,-1,0,0,0,0,0,0,30,0,0,0,1,1,0,0
542,332,hiring_candidate,2050,2051,-1,-1,0,0,0,0,0,0,30,0,0,0,1,1,0,0
542,332,hiring,2050,-1,-1,-1,-1,-1,-1,-1,0,0,30,0,-1,-1,1,0,0,0
542,333,hiring,3073,-1,-1,-1,-1,-1,-1,-1,0,0,542,0,-1,-1,1,0,0,0
542,334,hiring,3074,-1,-1,-1,-1,-1,-1,-1,0,0,542,0,-1,-1,1,0,0,0
542,335,hiring,3076,-1,-1,-1,-1,-1,-1,-1,0,0,542,0,-1,-1,1,0,0,0
542,336,hiring_candidate,3072,3078,-1,-1,1,1,0,0,0,0,29,0,0,0,1,1,0,0
542,336,hiring_candidate,3072,3081,-1,-1,1,1,0,0,0,0,29,0,0,0,1,1,0,0
542,336,hiring,3072,-1,-1,-1,-1,-1,-1,-1,0,0,29,0,-1,-1,1,0,0,0
542,337,hiring_candidate,3075,3077,-1,-1,0,0,0,0,0,0,91,0,0,0,1,1,0,0
542,337,hiring_candidate,3075,3079,-1,-1,0,0,0,0,0,0,91,0,0,0,1,1,0,0
542,337,hiring_candidate,3075,3080,-1,-1,0,0,0,0,0,0,91,0,0,0,1,1,0,0
542,337,hiring,3075,-1,-1,-1,-1,-1,-1,-1,0,0,91,0,-1,-1,1,0,0,0
543,338,hiring_candidate,1,1,-1,-1,0,0,0,0,0,0,21,0,0,0,1,1,0,0
543,338,hiring_candidate,1,2,-1,-1,0,0,0,0,0,0,21,0,0,0,1,1,0,0
543,338,hiring_candidate,1,3,-1,-1,0,0,0,0,0,0,21,0,0,0,1,1,0,0
543,338,hiring_candidate,1,4,-1,-1,0,0,0,0,0,0,21,0,0,0,1,1,0,0
543,338,hiring,1,-1,-1,-1,-1,-1,-1,-1,0,0,21,0,-1,-1,1,0,0,0
543,339,hiring_candidate,0,0,-1,-1,1,1,0,0,0,0,32,0,0,0,1,1,0,0
543,339,hiring,0,-1,-1,-1,-1,-1,-1,-1,0,0,32,0,-1,-1,1,0,0,0
543,340,hiring_candidate,1026,1025,-1,-1,0,0,0,0,0,0,543,0,0,0,1,1,0,0
543,340,hiring_candidate,1026,1027,-1,-1,0,0,0,0,0,0,543,0,0,0,1,1,0,0
543,340,hiring_candidate,1026,1024,-1,-1,0,0,0,0,0,0,543,0,0,0,1,1,0,0
543,340,hiring_candidate,1026,1025,-1,-1,0,0,0,0,0,0,543,0,0,0,1,1,0,0
543,340,hiring_candidate,1026,1026,-1,-1,0,0,0,0,0,0,543,0,0,0,1,1,0,0
543,340,hiring_candidate,1026,1027,-1,-1,0,0,0,0,0,0,543,0,0,0,1,1,0,0
543,340,hiring_candidate,1026,1028,-1,-1,0,0,0,0,0,0,543,0,0,0,1,1,0,0
543,340,hiring_candidate,1026,1024,-1,-1,3,3,0,0,0,0,543,0,0,0,1,1,0,0
543,340,hiring_candidate,1026,1025,-1,-1,3,3,0,0,0,0,543,0,0,0,1,1,0,0
543,340,hiring_candidate,1026,1026,-1,-1,3,3,0,0,0,0,543,0,0,0,1,1,0,0
543,340,hiring_candidate,1026,1027,-1,-1,3,3,0,0,0,0,543,0,0,0,1,1,0,0
543,340,hiring_candidate,1026,1028,-1,-1,3,3,0,0,0,0,543,0,0,0,1,1,0,0
543,340,hiring,1026,-1,-1,-1,-1,-1,-1,-1,0,0,543,0,-1,-1,1,0,0,0
543,341,hiring_candidate,1024,1025,-1,-1,1,1,0,0,0,0,31,0,0,0,1,1,0,0
543,341,hiring_candidate,1024,1027,-1,-1,1,1,0,0,0,0,31,0,0,0,1,1,0,0
543,341,hiring,1024,-1,-1,-1,-1,-1,-1,-1,0,0,31,0,-1,-1,1,0,0,0
543,342,movement,2048,2051,4,4,1,1,80,80,0,0,31,0,-1,-1,1,1,0,0
543,343,hiring_candidate,2050,2048,-1,-1,0,0,0,0,0,0,31,0,0,0,1,1,0,0
543,343,hiring_candidate,2050,2050,-1,-1,0,0,0,0,0,0,31,0,0,0,1,1,0,0
543,343,hiring_candidate,2050,2051,-1,-1,0,0,0,0,0,0,31,0,0,0,1,1,0,0
543,343,hiring,2050,-1,-1,-1,-1,-1,-1,-1,0,0,31,0,-1,-1,1,0,0,0
543,344,hiring,3073,-1,-1,-1,-1,-1,-1,-1,0,0,543,0,-1,-1,1,0,0,0
543,345,hiring,3074,-1,-1,-1,-1,-1,-1,-1,0,0,543,0,-1,-1,1,0,0,0
543,346,hiring,3076,-1,-1,-1,-1,-1,-1,-1,0,0,543,0,-1,-1,1,0,0,0
543,347,hiring_candidate,3072,3078,-1,-1,1,1,0,0,0,0,30,0,0,0,1,1,0,0
543,347,hiring_candidate,3072,3081,-1,-1,1,1,0,0,0,0,30,0,0,0,1,1,0,0
543,347,hiring,3072,-1,-1,-1,-1,-1,-1,-1,0,0,30,0,-1,-1,1,0,0,0
543,348,hiring_candidate,3075,3077,-1,-1,0,0,0,0,0,0,92,0,0,0,1,1,0,0
543,348,hiring_candidate,3075,3079,-1,-1,0,0,0,0,0,0,92,0,0,0,1,1,0,0
543,348,hiring_candidate,3075,3080,-1,-1,0,0,0,0,0,0,92,0,0,0,1,1,0,0
543,348,hiring,3075,-1,-1,-1,-1,-1,-1,-1,0,0,92,0,-1,-1,1,0,0,0
