0 111725508
1 1521478111
2 3198586866
3 2461904265
4 1393312673
5 4013121977
6 188352337
7 656483689
8 3274300170
9 2672884002
10 3143081787
11 3613310165
12 495801066
13 3515117697
14 633018009
15 967980221
16 1601628759
17 3883763821
18 2936319491
19 2802011165
20 3205128759
21 1192298445
22 2937595370
23 3340819330
24 209189278
25 3027148727
26 4234526025
27 874271587
28 2887479672
29 3557955358
30 2080978224
31 335669962
32 3424963520
33 1948510682
34 1009422320
35 3023154569
36 837829537
37 2043634105
38 3250980690
39 1507665256
40 3520453391
41 1504508199
42 3249250110
43 2040708310
44 2981712623
45 2041606277
46 26154652
47 2575709368
48 2443110993
49 429230187
50 2179771906
51 627880932
52 1835376078
53 629078068
54 494393874
55 89072765
56 222299751
57 89743437
58 491930291
59 2548280478
60 3756297860
61 2548951266
62 1878444747
63 4160623923
64 2141926457
65 4155250209
66 1873113098
67 2545832564
68 3839081560
69 2901188160
70 350615723
71 2365512337
72 83240182
73 2358183646
74 344481988
75 2983805740
76 2042801429
77 2982907775
78 3388270950
79 1375587138
80 1508185514
81 3522066320
82 1234653689
83 831566816
84 4187594187
85 830666803
86 2307643924
87 296952958
88 2579236453
89 296050765
90 2309898930
91 371174556
92 1578667654
93 370272483
94 3993684682
95 1979847986
96 4266079288
97 1983911456
98 3997790219
99 374493813
100 1583070298
101 375692866
102 2926442665
103 913758867
104 3195938036
105 906430172
106 2919260359
107 1823556399
108 615165207
109 1822658431
110 2493311335
111 2358627143
112 76354991
113 210139031
114 352276991
115 1649363993
116 1917215282
117 3529312203
118 1381246445
119 734059399
120 4224711068
121 1540792246
122 1004387657
123 2879673184
124 3148050811
125 464131868
126 3685823797
127 733604553
128 2079116227
129 3689671130
130 1004703728
131 3959008649
132 2079343527
133 1540317629
134 3687188310
135 2883396975
136 2077612809
137 3685546272
138 3148586810
139 2273657645
140 1335799060
141 2274856830
142 4289259879
143 1738656579
144 1874400681
145 3887232915
146 2144031226
147 130855907
148 3485834696
149 132053040
150 3218594327
151 669983869
152 2950694502
153 670654542
154 3220325041
155 449031327
156 1388613253
157 449702114
158 3805727435
159 2061374771
160 4072354873
161 2059146785
162 3803541514
163 447631988
164 1386724443
165 446209603
166 2727475368
167 982178450
168 2994873589
169 989529821
170 1575460667
171 619266860
172 3975326997
173 620466047
174 1556408678
175 3301821250
176 3436516779
177 1155430289
178 3701953016
179 2761995233
180 1823055306
181 2763192370
182 482073109
183 2223187070
184 210503269
185 2224382029
186 480133810
187 1269804189
188 1537773191
189 4221692128
190 1002097352
191 3417445683
192 2615620665
193 1004541475
194 3689508872
195 200430192
196 2616966236
197 3150224965
198 1003354281
199 1272371856
200 2615026935
201 1000802015
202 1537237189
203 3416867626
204 1538436368
205 2075889531
206 998566242
207 3415067460
208 462755244
209 3147724695
210 2789167608
211 3728258022
212 372350412
213 3727358005
214 1713625617
215 4263191672
216 1981023842
217 4262289483
218 1711686323
219 3732909210
220 2524483201
221 3452823781
222 165071567
223 3319665972
224 26948671
225 2107381286
226 853372938
227 3200668275
228 986692701
229 2800787013
230 586807469
231 2934102676
232 719987954
233 1452476123
234 311713990
235 3734848297
236 445033745
237 1183813497
238 45148515
239 3468282692
240 178329004
241 1990883223
242 3966456313
243 3765220327
244 1684381133
245 2021586997
246 4235713041
247 4031718520
248 1950352994
249 140075083
250 3427943091
251 2862234
252 1143770753
253 2504124644
254 1364904654
255 2639402293
