0 447269828
1 1185933791
2 2728824818
3 2394795401
4 1326203809
5 4080230841
6 389678929
7 992028009
8 3744062218
9 2203121954
10 2807537467
11 3411983573
12 26039018
13 3448008833
14 968562329
15 632435901
16 1131866711
17 4219308141
18 3003428355
19 3137555485
20 2735366711
21 1527842765
22 3004704234
23 3676363650
24 276298142
25 2825822135
26 3764763977
27 672944995
28 2954588536
29 3356628766
30 1611216176
31 134343370
32 3492072384
33 1747184090
34 539660272
35 2821827977
36 770720673
37 1708089785
38 3720742738
39 1172120936
40 3453344527
41 1168963879
42 3719012158
43 1705163990
44 2914603759
45 1706061957
46 495916700
47 2240165048
48 2376002129
49 93685867
50 2649533954
51 963425252
52 1902484942
53 964622388
54 24631826
55 424617085
56 289408615
57 425287757
58 22168243
59 2346953886
60 3286535812
61 2347624674
62 1945553611
63 3959297331
64 1672164409
65 3953923617
66 1940221962
67 2344505972
68 4174625880
69 2968297024
70 149289131
71 2432621201
72 418784502
73 2425292510
74 143155396
75 2916696876
76 1707257109
77 2915798911
78 3589597542
79 1308478274
80 1172641194
81 3454957456
82 1435980281
83 764457952
84 3852049867
85 763557939
86 2508970516
87 229844094
88 2243692133
89 228941901
90 2511225522
91 169847964
92 1108905606
93 168945891
94 4060793546
95 1778521394
96 3796317240
97 1782584864
98 4064899083
99 173167221
100 1113308250
101 174366274
102 2993551529
103 712432275
104 2726175988
105 705103580
106 2986369223
107 1890665263
108 950709527
109 1889767295
110 2291984743
111 2425736007
112 411899311
113 277247895
114 150950399
115 2119126041
116 1850106418
117 3462203339
118 1314137581
119 935385991
120 3889166748
121 1205247926
122 668843337
123 3080999776
124 2812506491
125 128587548
126 3350279477
127 934931145
128 1743571907
129 3354126810
130 669159408
131 4160335241
132 1743799207
133 1204773309
134 3351643990
135 3084723567
136 1742068489
137 3350001952
138 2813042490
139 2609201965
140 1402907924
141 2610401150
142 3819497831
143 2074200899
144 1941509545
145 4222777235
146 1674269178
147 466400227
148 3552943560
149 467597360
150 2748832279
151 1005528189
152 3017803366
153 1006198862
154 2750562993
155 113487007
156 1321504389
157 114157794
158 4275489483
159 1725830451
160 4005246009
161 1723602465
162 4273303562
163 112087668
164 1319615579
165 110665283
166 3197237416
167 646634130
168 2927764725
169 653985501
170 1105698619
171 954811180
172 4042435861
173 956010367
174 1086646630
175 3637365570
176 3503625643
177 1490974609
178 3232190968
179 3097539553
180 1890164170
181 3098736690
182 12311061
183 2558731390
184 277612133
185 2559926349
186 10371762
187 1471130781
188 1202228871
189 3886147808
190 666553032
191 3618772275
192 2280076345
193 668997155
194 3353964552
195 401756784
196 2281421916
197 2814680645
198 667809961
199 1473698448
200 2279482615
201 665257695
202 1201692869
203 3618194218
204 1202892048
205 1740345211
206 663021922
207 3616394052
208 127210924
209 2812180375
210 3124711928
211 3258495974
212 171023820
213 3257595957
214 2049169937
215 3793429624
216 1779697250
217 3792527435
218 2047230643
219 3263147162
220 2323156609
221 3519932645
222 366398159
223 3655210292
224 496710719
225 1637619238
226 786264074
227 2730906227
228 651148381
229 3136331333
230 1056569517
231 3001211540
232 921314546
233 1251149531
234 244605126
235 3265086249
236 109489425
237 1519357817
238 514910563
239 3535391556
240 379655596
241 1789556631
242 4033565177
243 4234982375
244 2019925453
245 1686042677
246 3765950993
247 3964609656
248 1749026402
249 341401675
250 3495051955
251 472624282
252 1479315073
253 2302798052
254 1297795790
255 2169640245
