0 225182815
1 2104527922
2 3981776005
3 1564056937
4 1543382474
5 2869079464
6 992425483
7 2336997099
8 459818852
9 1787613125
10 4203829153
11 1253431320
12 1643798759
13 1373563208
14 2166583595
15 4043831739
16 1779728914
17 2318994168
18 2883425089
19 2344753977
20 3957760913
21 193672314
22 2880421093
23 189547844
24 638635319
25 3329578385
26 3864649320
27 3351144131
28 2812473005
29 1200060212
30 3891003278
31 1204322407
32 660341836
33 3342896166
34 3882161295
35 3339296105
36 3490588107
37 4042436010
38 282539524
39 1891352302
40 1352157040
41 1904005074
42 291592116
43 4047886358
44 3509215473
45 4044286298
46 301166911
47 1909979565
48 1370784265
49 1905855203
50 276665157
51 2189288671
52 2723765366
53 2184498079
54 1645232903
55 49527483
56 584004307
57 44739195
58 1652957571
59 1212258613
60 1750929756
61 1215858885
62 2819883106
63 3359080320
64 3915643818
65 3380573128
66 2841308006
67 1228300957
68 2223102508
69 2759676493
70 1146669539
71 607404297
72 68663447
73 636694581
74 1173268575
75 3500812285
76 4039483162
77 3504412337
78 807177940
79 1345848902
80 1885044198
81 1349973260
82 831679658
83 3515737295
84 4054408288
85 3519335299
86 836780829
87 1359198903
88 1899967193
89 1364896379
90 829825413
91 1337039167
92 1873613142
93 1334347971
94 2950955108
95 3485958022
96 4006869932
97 3469702094
98 2934631264
99 1317429915
100 1856100902
101 1314738759
102 2927151593
103 3457433859
104 3996629149
105 3486724159
106 2949556305
107 2768906226
108 2238029587
109 2772506290
110 1169985233
111 630720081
112 100367859
113 634844435
114 1144155315
115 2666666794
116 3738608518
117 1589326944
118 1587526906
119 3100394835
120 4176530748
121 2023052694
122 4172930667
123 3109971661
124 4181913249
125 2036823871
126 2030829464
127 3106439275
128 4168877122
129 2019593252
130 4165276815
131 3089735016
132 4161676754
133 2029170106
134 2027370004
135 3099311857
136 4170729322
137 2038222796
138 4183906213
139 165292025
140 699768606
141 160503477
142 3916205776
143 2303198786
144 2838199786
145 2298934528
146 3907153062
147 150856899
148 685333612
149 146066319
150 3901768465
151 2289285819
152 2823762645
153 2284497527
154 3892715913
155 2093062451
156 1557991770
157 2096662727
158 2626945120
159 4239884162
160 3710122920
161 4248794058
162 2635787108
163 2104910495
164 1565645346
165 2108510787
166 2642987501
167 4259594503
168 3720853657
169 4230164539
170 1615943586
171 2221549567
172 2751831832
173 2216761011
174 1692176086
175 83363396
176 614170080
177 79099146
178 1699900588
179 2236474569
180 2775145574
181 2231683973
182 1696613147
183 96713397
184 637481691
185 94022265
186 1706434951
187 963746106
188 2037190994
189 4182280396
190 4179886191
191 956792704
192 2018769833
193 4165956547
194 2020273004
195 939942543
196 2015484477
197 4175254105
198 4177054187
199 949240078
200 2025306257
201 4182978611
202 2035198042
203 963258340
204 2030411534
205 4179695266
206 4191981255
207 972555868
208 2040233471
209 4189517073
210 2402446509
211 1865278676
212 1326013567
213 1868876696
214 2403353354
215 4020484780
216 3483316934
217 4026182240
218 2413175170
219 1848744228
220 1311576393
221 553158872
222 815005811
223 12025756
224 295959475
225 3787420630
226 3703237479
227 3973472897
228 4243708475
229 2349683289
230 2619918843
231 2890154269
232 3160914055
233 1300443170
234 1570678871
235 1840916456
236 2111151883
237 233903786
238 487362243
239 757597788
240 1028357631
241 3446076690
242 2791468200
243 2524832976
244 2254003322
245 4130655130
246 3859825416
247 3606297260
248 3335467718
249 917154403
250 646324608
251 392272167
252 125636938
253 1120438493
254 1386479734
255 1653047193
