26 6 2 2
31 6 2 2
18 6 2 2
31 7 2 0
1 7 2 0
1 6 2 0
2 6 2 0
15 7 2 0
2 7 2 0
1 8 2 0
18 7 2 0
6 6 2 0
26 7 2 0
15 6 2 0
23 6 2 2
26 8 2 0
1 7 4 0
31 7 4 0
15 8 2 0
2 8 2 0
31 8 2 0
26 7 4 0
18 8 2 0
2 7 4 0
18 7 4 0
1 8 4 0
15 7 4 0
2 8 4 0
31 8 4 0
15 8 4 0
26 8 4 0
6 7 2 0
16 6 2 0
16 7 2 0
18 8 4 0
7 6 2 0
23 7 2 0
16 8 2 0
7 7 2 0
4 6 2 0
6 8 2 0
16 7 4 0
23 8 2 0
6 7 4 0
16 8 4 0
4 7 2 0
23 7 4 0
7 8 2 0
6 8 4 0
7 7 4 0
4 8 2 0
12 7 2 0
20 6 2 0
12 6 2 0
4 7 4 0
20 7 2 0
5 6 2 0
23 8 4 0
12 8 2 0
12 7 4 0
4 8 4 0
5 7 2 0
13 6 2 0
7 8 4 0
20 8 2 0
11 7 2 0
24 6 2 2
20 8 4 0
5 8 2 0
12 8 4 0
17 6 2 2
11 6 2 0
20 7 4 0
13 7 2 0
11 7 4 0
3 7 2 0
3 6 2 0
5 7 4 0
13 7 4 0
5 8 4 0
3 8 2 0
13 8 2 0
49 6 2 2
14 7 2 0
49 7 4 2
50 6 2 2
14 6 2 0
11 8 2 0
11 8 4 0
50 7 4 2
51 6 2 2
51 7 4 2
14 8 2 0
51 7 2 4
53 6 2 2
3 7 4 0
13 8 4 0
24 7 2 0
14 7 4 0
54 6 2 2
29 6 2 0
3 8 4 0
29 7 2 0
17 7 2 0
55 6 2 2
24 8 2 0
17 8 2 0
49 7 2 0
24 7 4 0
17 7 4 0
56 6 2 2
50 7 2 0
29 8 2 0
14 8 4 0
57 6 2 2
49 8 2 0
29 7 4 0
57 7 4 2
17 8 4 0
67 6 2 2
53 7 2 0
67 7 4 2
50 8 2 0
51 8 2 0
53 8 2 0
54 7 2 0
24 8 4 0
29 8 4 0
55 7 2 0
58 6 2 2
53 7 4 0
49 8 4 0
54 8 2 0
70 6 2 2
50 8 4 0
70 7 2 2
56 7 2 0
70 7 4 2
55 8 2 0
57 7 2 0
54 7 4 0
51 8 4 0
59 7 2 2
59 6 2 2
59 7 4 2
64 6 2 2
64 7 2 2
53 8 4 0
64 7 4 2
54 8 4 0
56 8 2 0
55 7 4 0
62 6 2 2
62 7 2 2
62 7 4 2
63 6 2 2
57 8 2 0
63 7 2 2
63 7 4 2
63 8 2 2
68 7 2 2
68 6 2 2
68 7 4 2
67 7 2 0
58 7 2 0
55 8 4 0
65 6 2 0
56 7 4 0
57 8 4 0
58 8 2 0
61 6 2 2
56 8 4 0
58 7 4 0
65 7 2 0
66 6 2 2
70 8 2 0
59 8 2 0
67 8 2 0
60 6 2 0
64 8 2 0
60 7 2 0
58 8 4 0
68 8 2 0
59 8 4 0
62 8 2 0
69 6 2 2
70 8 4 0
61 7 2 0
63 8 4 0
61 8 2 0
60 8 2 0
68 8 4 0
60 7 4 0
66 7 2 0
27 6 2 2
64 8 4 0
66 8 2 0
8 6 2 0
8 7 2 0
62 8 4 0
61 7 4 0
67 8 4 0
66 7 4 0
8 8 2 0
60 8 4 0
61 8 4 0
69 7 2 0
9 6 2 0
8 7 4 0
22 6 2 2
69 8 2 0
9 7 2 0
66 8 4 0
69 7 4 0
28 6 2 2
27 7 2 0
9 8 2 0
8 8 4 0
9 7 4 0
19 6 2 0
27 8 2 0
30 6 2 0
69 8 4 0
19 7 2 0
21 6 2 2
30 7 2 0
27 7 4 0
19 8 2 0
34 6 2 2
9 8 4 0
34 7 2 2
30 8 2 0
19 7 4 0
34 7 4 2
35 6 2 2
65 8 2 0
27 8 4 0
22 7 2 0
65 8 4 0
28 7 2 0
36 6 2 2
30 7 4 0
36 7 4 2
19 8 4 0
37 6 2 2
22 8 2 0
32 6 2 0
30 8 4 0
32 7 2 0
37 7 4 2
28 8 2 0
22 7 4 0
38 6 2 2
21 7 2 0
39 6 2 2
28 7 4 0
39 7 4 2
32 8 2 0
21 8 2 0
22 8 4 0
40 6 2 2
32 7 4 0
28 8 4 0
35 7 2 0
41 6 2 2
21 7 4 0
34 8 2 0
41 7 4 2
36 7 2 0
42 6 2 2
35 7 4 0
32 8 4 0
35 8 2 0
38 7 2 0
37 7 2 0
36 8 2 0
39 7 2 0
21 8 4 0
38 8 2 0
34 8 4 0
37 8 2 0
65 7 4 0
35 8 4 0
38 7 4 0
45 6 2 2
36 8 4 0
39 8 2 0
37 8 4 0
40 8 2 0
41 7 2 0
46 6 2 2
40 7 2 0
46 7 4 2
52 6 2 2
41 8 2 0
38 8 4 0
43 7 2 0
43 6 2 0
52 7 2 2
42 7 2 0
52 7 4 2
39 8 4 0
40 7 4 0
47 6 2 2
44 7 2 0
42 8 2 0
40 8 4 0
44 6 2 0
42 7 4 0
45 7 2 0
41 8 4 0
44 8 2 0
43 8 2 0
43 7 4 0
46 7 2 0
44 7 4 0
42 8 4 0
45 7 4 0
46 8 2 0
47 7 2 0
45 8 2 0
44 8 4 0
48 7 2 0
47 8 2 0
52 8 2 0
48 6 2 0
43 8 4 0
47 7 4 0
45 8 4 0
48 7 4 0
48 8 2 0
47 8 4 0
52 8 4 0
46 8 4 0
48 8 4 0
