0 911431088
1 1179639261
2 3597288810
3 1711721606
4 1623290917
5 2419981383
6 1599460
7 2960453380
8 542578315
9 1370725930
10 3249407566
11 1904904695
12 1522872584
13 1793177767
14 3122405572
15 3392710740
16 2972439549
17 1359371031
18 1893909166
19 1358777046
20 819589758
21 3501483413
22 1888546058
23 3497202859
24 4247755992
25 491390078
26 1030131591
27 478230316
28 2090712898
29 2629314267
30 1020571233
31 2633486728
32 4234368419
33 478141897
34 1012548960
35 473353350
36 187790372
37 734919749
38 3421005803
39 2877615873
40 2342983327
41 2856558141
42 3395159643
43 712673785
44 169160990
45 707901621
46 3402375376
47 2867374146
48 2324419558
49 2863029004
50 3410150058
51 1497543984
52 2036731289
53 1493932656
54 3106869992
55 3654085460
56 4193280828
57 3650485140
58 3115937900
59 2474559706
60 3009560755
61 2470959402
62 1932218765
63 319303279
64 844933701
65 306192935
66 1919269513
67 2450076530
68 4290677699
69 3745645474
70 1063753740
71 1594560742
72 2133387640
73 1590452698
74 1053948336
75 2878699026
76 2348470005
77 2883471198
78 1260642107
79 721901481
80 191114249
81 726246627
82 1252867397
83 2863838496
84 2325089679
85 2868615788
86 1256133362
87 708635480
88 167797558
89 711326612
90 1246326890
91 881772752
92 345129145
93 884463916
94 3571143051
95 3036163689
96 2515315267
97 3052413473
98 3587553935
99 901329780
100 362712009
101 895615912
102 3578238982
103 3039498476
104 2500389234
105 3035390416
106 3572627902
107 3728045597
108 4267364092
109 3732817757
110 1048829758
111 1588025278
112 2126785564
113 1592370428
114 1057832284
115 3855436485
116 2783572585
117 629433743
118 631303445
119 603133117
120 1674550482
121 3819570296
122 1669762949
123 576796451
124 1652408143
125 3797427921
126 3795103350
127 571986309
128 1665357228
129 3814710730
130 1668957537
131 588696710
132 1664185404
133 3821927508
134 3823659002
135 595914527
136 1671894660
137 3796082210
138 1650329163
139 2464511511
140 2995441392
141 2460895067
142 1918099262
143 309811116
144 840182788
145 305767662
146 1943878984
147 2479011117
148 3018198402
149 2475399777
150 1940853503
151 323808085
152 863003451
153 320207769
154 1933144167
155 3892234461
156 3353493684
157 3888634153
158 128668046
159 1736978028
160 1176283718
161 1711284772
162 103135882
163 3863556977
164 3329133516
165 3868328877
166 112695299
167 1725632745
168 1190717815
169 1729913301
170 479328691
171 123041296
172 3610955510
173 3877521247
174 937680692
175 1204246445
176 2544118795
177 663332088
178 4134354270
179 2255664422
180 1448480133
181 1715182181
182 3055489785
183 1541204803
184 1272996648
185 3146120078
186 2880008306
187 2588854484
188 2320646328
189 4202158374
190 3927658910
191 3661114992
192 3412896350
193 997204536
194 727038621
195 456733562
196 186551233
197 2078409636
198 2628229138
199 2898989301
200 3169380718
201 1292657096
202 1407318434
203 1673885212
204 1940573950
205 59656016
206 326360874
207 592926644
208 859057174
209 3273237752
210 3539811669
211 3806508332
212 4073065863
213 2192284256
214 3752792805
215 2404182851
216 1064330029
217 789969807
218 2671341692
219 3470706907
220 2126659775
221 4008171810
222 1586188678
223 245902957
224 3216812612
225 2946507298
226 528857750
227 1340683122
228 4291726285
229 1865548717
230 3742865408
231 2407207140
232 1062791542
233 784097744
234 2335308209
235 1261566391
236 2335308214
237 3409050033
238 1580074577
239 1043203665
240 506332763
241 2116945493
242 3727558226
243 3190687319
244 2653816393
245 4264429134
246 3567126082
247 345900621
248 1419642443
249 2493384265
250 1673397842
251 62785106
252 2747139670
253 1136526933
254 3820881499
255 2210268757
