Settings::load("preferences.txt") : error, can't open file.
macos-arm64 26 3 8 8 4 1 ok 15850274609968439542
macos-arm64 26 3 8 8 4 2 ok 1451418342198471041
macos-arm64 26 3 8 8 4 3 ok 12664969190182808656
macos-arm64 26 3 7 7 4 1 ok 7596233670176169203
macos-arm64 26 3 9 9 4 1 ok 11162413902762714846
macos-arm64 26 3 9 8 4 1 ok 6547976804033402803
macos-arm64 26 3 8 8 2 1 ok 10412697564682542969
macos-arm64 26 3 8 8 8 1 ok 696076906107120864
macos-arm64 31 7 8 8 4 1 ok 4227638302785670886
macos-arm64 31 7 8 8 4 2 ok 5227958771095877535
macos-arm64 31 7 8 8 4 3 ok 858939263087336773
macos-arm64 31 7 7 7 4 1 ok 3556994827907664176
macos-arm64 31 7 9 9 4 1 ok 15362997919148692705
macos-arm64 31 7 9 8 4 1 ok 4704259247486630826
macos-arm64 31 7 8 8 2 1 ok 1671530153995168572
macos-arm64 31 7 8 8 8 1 ok 15917102255954610647
macos-arm64 15 1 8 8 4 1 ok 1822623745155517541
macos-arm64 15 1 8 8 4 2 ok 13627699444976556672
macos-arm64 15 1 8 8 4 3 ok 4558451268999198918
macos-arm64 15 1 7 7 4 1 ok 18061507907613243474
macos-arm64 15 1 9 9 4 1 ok 4317157755929348617
macos-arm64 15 1 9 8 4 1 ok 13301401750330037833
macos-arm64 15 1 8 8 2 1 ok 14205129108449246087
macos-arm64 15 1 8 8 8 1 ok 6662980182189545293
macos-arm64 1 3 8 8 4 1 ok 15266936846292760467
macos-arm64 1 3 8 8 4 2 ok 14755082496502706273
macos-arm64 1 3 8 8 4 3 ok 7766703425182182688
macos-arm64 1 3 7 7 4 1 ok 2056248083838577766
macos-arm64 1 3 9 9 4 1 ok 13823901920601588993
macos-arm64 1 3 9 8 4 1 ok 17904614402584393968
macos-arm64 1 3 8 8 2 1 ok 4513806375703215835
macos-arm64 1 3 8 8 8 1 ok 15211747697609312326
macos-arm64 18 6 8 8 4 1 ok 685234629062878118
macos-arm64 18 6 8 8 4 2 ok 5218743790797528810
macos-arm64 18 6 8 8 4 3 ok 130655471980274306
macos-arm64 18 6 7 7 4 1 ok 13941455206050809724
macos-arm64 18 6 9 9 4 1 ok 11233943223771623871
macos-arm64 18 6 9 8 4 1 ok 311217146217050958
macos-arm64 18 6 8 8 2 1 ok 5172958575872259794
macos-arm64 18 6 8 8 8 1 ok 16548719928209852767
macos-arm64 2 3 8 8 4 1 ok 12800649820831069509
macos-arm64 2 3 8 8 4 2 ok 16247178421364950126
macos-arm64 2 3 8 8 4 3 ok 8829998086451332904
macos-arm64 2 3 7 7 4 1 ok 14759329394348325807
macos-arm64 2 3 9 9 4 1 ok 11934512450853997163
macos-arm64 2 3 9 8 4 1 ok 3535127419635138437
macos-arm64 2 3 8 8 2 1 ok 1334307081035450250
macos-arm64 2 3 8 8 8 1 ok 3393915502379318686
macos-arm64 6 3 8 8 4 1 ok 12156463255653919960
macos-arm64 6 3 8 8 4 2 ok 8488290807097875252
macos-arm64 6 3 8 8 4 3 ok 13493861953378784496
macos-arm64 6 3 7 7 4 1 ok 10962798937752830582
macos-arm64 6 3 9 9 4 1 ok 18148498138515235675
macos-arm64 6 3 9 8 4 1 ok 16957866786516727954
macos-arm64 6 3 8 8 2 1 ok 13908422176345369582
macos-arm64 6 3 8 8 8 1 ok 5023916742560360564
macos-arm64 16 1 8 8 4 1 ok 11072127706920976238
macos-arm64 16 1 8 8 4 2 ok 10075510292789336147
macos-arm64 16 1 8 8 4 3 ok 4396075304858481954
macos-arm64 16 1 7 7 4 1 ok 10199323229909488086
macos-arm64 16 1 9 9 4 1 ok 12471630520837885284
macos-arm64 16 1 9 8 4 1 ok 8928204734545682645
macos-arm64 16 1 8 8 2 1 ok 17554114376208289941
macos-arm64 16 1 8 8 8 1 ok 699982766957804005
macos-arm64 23 3 8 8 4 1 ok 17739866559139208687
macos-arm64 23 3 8 8 4 2 ok 15066220726718427366
macos-arm64 23 3 8 8 4 3 ok 6306903179004779394
macos-arm64 23 3 7 7 4 1 ok 16284233831079059960
macos-arm64 23 3 9 9 4 1 ok 13154479288816036136
macos-arm64 23 3 9 8 4 1 ok 12830180604398138241
macos-arm64 23 3 8 8 2 1 ok 13363436405671293892
macos-arm64 23 3 8 8 8 1 ok 8993378800483085102
macos-arm64 7 4 8 8 4 1 ok 15902815871131779878
macos-arm64 7 4 8 8 4 2 ok 18406432865124272517
macos-arm64 7 4 8 8 4 3 ok 2922633456080255781
macos-arm64 7 4 7 7 4 1 ok 17606064467284084149
macos-arm64 7 4 9 9 4 1 ok 5698846428085401433
macos-arm64 7 4 9 8 4 1 ok 16173449937850616615
macos-arm64 7 4 8 8 2 1 ok 13195220428486063337
macos-arm64 7 4 8 8 8 1 ok 15346042196395066810
macos-arm64 4 3 8 8 4 1 ok 11152758684431740930
macos-arm64 4 3 8 8 4 2 ok 12437321240535810528
macos-arm64 4 3 8 8 4 3 ok 9751465076302685550
macos-arm64 4 3 7 7 4 1 ok 11202276671897504324
macos-arm64 4 3 9 9 4 1 ok 1854948760916881435
macos-arm64 4 3 9 8 4 1 ok 1365374750744909995
macos-arm64 4 3 8 8 2 1 ok 9701754549885880600
macos-arm64 4 3 8 8 8 1 ok 12077514013485761639
macos-arm64 12 13 8 8 4 1 ok 17124145581031200383
macos-arm64 12 13 8 8 4 2 ok 3284683436894785367
macos-arm64 12 13 8 8 4 3 ok 5952048824884315317
macos-arm64 12 13 7 7 4 1 ok 8283095067144190795
macos-arm64 12 13 9 9 4 1 ok 8856266787233009325
macos-arm64 12 13 9 8 4 1 ok 11026203173786757002
macos-arm64 12 13 8 8 2 1 ok 15341274595159001450
macos-arm64 12 13 8 8 8 1 ok 1711449109466169300
macos-arm64 20 2 8 8 4 1 ok 8551267361097346911
macos-arm64 20 2 8 8 4 2 ok 1876765713161738678
macos-arm64 20 2 8 8 4 3 ok 14363552148956198198
macos-arm64 20 2 7 7 4 1 ok 18081709455344930657
macos-arm64 20 2 9 9 4 1 ok 232385605498186525
macos-arm64 20 2 9 8 4 1 ok 15148124462838456046
macos-arm64 20 2 8 8 2 1 ok 10461128406841898608
macos-arm64 20 2 8 8 8 1 ok 565631609982434713
macos-arm64 5 2 8 8 4 1 ok 15081591080055302398
macos-arm64 5 2 8 8 4 2 ok 14333463520897961954
macos-arm64 5 2 8 8 4 3 ok 1927162392993477983
macos-arm64 5 2 7 7 4 1 ok 13850702411921678476
macos-arm64 5 2 9 9 4 1 ok 6078319397555065000
macos-arm64 5 2 9 8 4 1 ok 453019663656023876
macos-arm64 5 2 8 8 2 1 ok 16875811593585503047
macos-arm64 5 2 8 8 8 1 ok 4974231202160662109
macos-arm64 13 1 8 8 4 1 ok 2078930885184706426
macos-arm64 13 1 8 8 4 2 ok 13659661778465349112
macos-arm64 13 1 8 8 4 3 ok 13134881442491555389
macos-arm64 13 1 7 7 4 1 ok 8112226036058122700
macos-arm64 13 1 9 9 4 1 ok 9971144189844359399
macos-arm64 13 1 9 8 4 1 ok 7377329900378929112
macos-arm64 13 1 8 8 2 1 ok 9154120752318257696
macos-arm64 13 1 8 8 8 1 ok 16484172863350979963
macos-arm64 11 14 8 8 4 1 ok 6132248727033081699
macos-arm64 11 14 8 8 4 2 ok 17571897192944793353
macos-arm64 11 14 8 8 4 3 ok 17321560833037622047
macos-arm64 11 14 7 7 4 1 ok 7573201930155389176
macos-arm64 11 14 9 9 4 1 ok 5365458970422917083
macos-arm64 11 14 9 8 4 1 ok 8608092470811997215
macos-arm64 11 14 8 8 2 1 ok 1580814293182404478
macos-arm64 11 14 8 8 8 1 ok 9101533112797905055
macos-arm64 3 3 8 8 4 1 ok 9615729526066216419
macos-arm64 3 3 8 8 4 2 ok 8908276107237789891
macos-arm64 3 3 8 8 4 3 ok 7682200520761145636
macos-arm64 3 3 7 7 4 1 ok 8448347508778630572
macos-arm64 3 3 9 9 4 1 ok 528287643730928710
macos-arm64 3 3 9 8 4 1 ok 8810915806685158013
macos-arm64 3 3 8 8 2 1 ok 18055009306025368179
macos-arm64 3 3 8 8 8 1 ok 16434396702117749324
macos-arm64 14 4 8 8 4 1 ok 11925006621409592431
macos-arm64 14 4 8 8 4 2 ok 414349330464996680
macos-arm64 14 4 8 8 4 3 ok 760189253045661613
macos-arm64 14 4 7 7 4 1 ok 17202733506137778788
macos-arm64 14 4 9 9 4 1 ok 1552916736750568752
macos-arm64 14 4 9 8 4 1 ok 2403928672037668991
macos-arm64 14 4 8 8 2 1 ok 16088282592338295379
macos-arm64 14 4 8 8 8 1 ok 3322640947906419646
macos-arm64 24 4 8 8 4 1 ok 11900636304707015638
macos-arm64 24 4 8 8 4 2 ok 15045971539824213999
macos-arm64 24 4 8 8 4 3 ok 14226682360002951214
macos-arm64 24 4 7 7 4 1 ok 15335564520221051714
macos-arm64 24 4 9 9 4 1 ok 8801641067316080015
macos-arm64 24 4 9 8 4 1 ok 7641797400793793992
macos-arm64 24 4 8 8 2 1 ok 1330458027073369597
macos-arm64 24 4 8 8 8 1 ok 3556977709737021092
macos-arm64 17 10 8 8 4 1 ok 2087648426715590145
macos-arm64 17 10 8 8 4 2 ok 16529409051557078523
macos-arm64 17 10 8 8 4 3 ok 3762064602109183492
macos-arm64 17 10 7 7 4 1 ok 6243315956628377591
macos-arm64 17 10 9 9 4 1 ok 15411968159607718274
macos-arm64 17 10 9 8 4 1 ok 5757150771911149867
macos-arm64 17 10 8 8 2 1 ok 7983548351782572460
macos-arm64 17 10 8 8 8 1 ok 10995706110712801408
macos-arm64 29 6 8 8 4 1 ok 16622643961647829752
macos-arm64 29 6 8 8 4 2 ok 902254425595264091
macos-arm64 29 6 8 8 4 3 ok 15069842375605218424
macos-arm64 29 6 7 7 4 1 ok 12200772585279551772
macos-arm64 29 6 9 9 4 1 ok 7969632618175026300
macos-arm64 29 6 9 8 4 1 ok 92662381611664645
macos-arm64 29 6 8 8 2 1 ok 16251445089057044280
macos-arm64 29 6 8 8 8 1 ok 11813498569711113796
macos-arm64 49 8 8 8 4 1 ok 2176184774478852294
macos-arm64 49 8 8 8 4 2 ok 7534019989820290732
macos-arm64 49 8 8 8 4 3 ok 13465665003156793138
macos-arm64 49 8 7 7 4 1 invalid 0
macos-arm64 49 8 9 9 4 1 ok 5127517242194451369
macos-arm64 49 8 9 8 4 1 ok 7538953690736223515
macos-arm64 49 8 8 8 2 1 ok 5679424214415411904
macos-arm64 49 8 8 8 8 1 ok 346473265378016003
macos-arm64 50 8 8 8 4 1 ok 5960776887795251125
macos-arm64 50 8 8 8 4 2 ok 7286621729613025682
macos-arm64 50 8 8 8 4 3 ok 17875813786725651379
macos-arm64 50 8 7 7 4 1 invalid 0
macos-arm64 50 8 9 9 4 1 ok 5214411556134566530
macos-arm64 50 8 9 8 4 1 ok 526273022314898755
macos-arm64 50 8 8 8 2 1 ok 4559130765665031571
macos-arm64 50 8 8 8 8 1 ok 6069392040681693518
macos-arm64 51 4 8 8 4 1 ok 14641174131395152646
macos-arm64 51 4 8 8 4 2 ok 3431725552628686167
macos-arm64 51 4 8 8 4 3 ok 9616643354118610078
macos-arm64 51 4 7 7 4 1 invalid 0
macos-arm64 51 4 9 9 4 1 ok 18015458828932718602
macos-arm64 51 4 9 8 4 1 ok 15986116746509855038
macos-arm64 51 4 8 8 2 1 ok 13129533383172444819
macos-arm64 51 4 8 8 8 1 ok 11767898454427040899
macos-arm64 53 1 8 8 4 1 ok 5908701397362810997
macos-arm64 53 1 8 8 4 2 ok 9577148214266479796
macos-arm64 53 1 8 8 4 3 ok 16133683628254200377
macos-arm64 53 1 7 7 4 1 ok 2842023679957400257
macos-arm64 53 1 9 9 4 1 ok 6782178394836570449
macos-arm64 53 1 9 8 4 1 ok 445144364158535607
macos-arm64 53 1 8 8 2 1 ok 3094253097102647078
macos-arm64 53 1 8 8 8 1 ok 2044554675885735347
macos-arm64 54 2 8 8 4 1 ok 5805658990676147022
macos-arm64 54 2 8 8 4 2 ok 3997261607871737
macos-arm64 54 2 8 8 4 3 ok 9553959122471929741
macos-arm64 54 2 7 7 4 1 ok 12330598844355013198
macos-arm64 54 2 9 9 4 1 ok 15490684469266300355
macos-arm64 54 2 9 8 4 1 ok 2540231444495578182
macos-arm64 54 2 8 8 2 1 ok 7614467987164318031
macos-arm64 54 2 8 8 8 1 ok 15136432647017249072
macos-arm64 55 1 8 8 4 1 ok 12614837242457377056
macos-arm64 55 1 8 8 4 2 ok 5849142469244536171
macos-arm64 55 1 8 8 4 3 ok 16625379345626337346
macos-arm64 55 1 7 7 4 1 ok 13381111552160598589
macos-arm64 55 1 9 9 4 1 ok 6174104431753706149
macos-arm64 55 1 9 8 4 1 ok 14679014282571065967
macos-arm64 55 1 8 8 2 1 ok 12010621761509868356
macos-arm64 55 1 8 8 8 1 ok 9958862043343727736
macos-arm64 56 1 8 8 4 1 ok 292461604358365969
macos-arm64 56 1 8 8 4 2 ok 14876997025409246493
macos-arm64 56 1 8 8 4 3 ok 15423569691693442546
macos-arm64 56 1 7 7 4 1 ok 5085668605131996193
macos-arm64 56 1 9 9 4 1 ok 9570143160204585615
macos-arm64 56 1 9 8 4 1 ok 17808119095734975093
macos-arm64 56 1 8 8 2 1 ok 5786986528810886849
macos-arm64 56 1 8 8 8 1 ok 13373406433095951901
macos-arm64 57 1 8 8 4 1 ok 10078842899301070054
macos-arm64 57 1 8 8 4 2 ok 14852726795462981609
macos-arm64 57 1 8 8 4 3 ok 10213585580686865731
macos-arm64 57 1 7 7 4 1 invalid 0
macos-arm64 57 1 9 9 4 1 ok 5339012519237903777
macos-arm64 57 1 9 8 4 1 ok 2501512299415223166
macos-arm64 57 1 8 8 2 1 ok 7448661623134507958
macos-arm64 57 1 8 8 8 1 ok 14361441580310877479
macos-arm64 67 1 8 8 4 1 ok 18226181717774562800
macos-arm64 67 1 8 8 4 2 ok 14946938995196294882
macos-arm64 67 1 8 8 4 3 ok 17411834726449189910
macos-arm64 67 1 7 7 4 1 invalid 0
macos-arm64 67 1 9 9 4 1 ok 15285274932400680461
macos-arm64 67 1 9 8 4 1 ok 8675500729459888174
macos-arm64 67 1 8 8 2 1 ok 6155839151750540602
macos-arm64 67 1 8 8 8 1 ok 15861166772248891367
macos-arm64 65 3 8 8 4 1 ok 3789441279915235147
macos-arm64 65 3 8 8 4 2 ok 790618175143118060
macos-arm64 65 3 8 8 4 3 ok 5092733488112587728
macos-arm64 65 3 7 7 4 1 ok 71767667649773201
macos-arm64 65 3 9 9 4 1 ok 4094676493598559147
macos-arm64 65 3 9 8 4 1 ok 3271284103966557892
macos-arm64 65 3 8 8 2 1 ok 8658639614019112339
macos-arm64 65 3 8 8 8 1 ok 13511731994444597967
macos-arm64 58 3 8 8 4 1 ok 14415027629373514204
macos-arm64 58 3 8 8 4 2 ok 4893340227898322545
macos-arm64 58 3 8 8 4 3 ok 8195641353962351817
macos-arm64 58 3 7 7 4 1 ok 3013258070328399870
macos-arm64 58 3 9 9 4 1 ok 5184275577621475831
macos-arm64 58 3 9 8 4 1 ok 3581283461116199516
macos-arm64 58 3 8 8 2 1 ok 8158841831154996349
macos-arm64 58 3 8 8 8 1 ok 5922190399311520313
macos-arm64 70 3 8 8 4 1 ok 15796683438822505081
macos-arm64 70 3 8 8 4 2 ok 5295534125993784666
macos-arm64 70 3 8 8 4 3 ok 15026230363571623931
macos-arm64 70 3 7 7 4 1 invalid 0
macos-arm64 70 3 9 9 4 1 ok 12058574006256591834
macos-arm64 70 3 9 8 4 1 ok 9884293090007471424
macos-arm64 70 3 8 8 2 1 ok 6077790108952352177
macos-arm64 70 3 8 8 8 1 ok 4159296087811951021
macos-arm64 59 1 8 8 4 1 ok 10112539446223581566
macos-arm64 59 1 8 8 4 2 ok 10012188533467858723
macos-arm64 59 1 8 8 4 3 ok 5608436585274177502
macos-arm64 59 1 7 7 4 1 invalid 0
macos-arm64 59 1 9 9 4 1 ok 37295554217669317
macos-arm64 59 1 9 8 4 1 ok 14510916977650021427
macos-arm64 59 1 8 8 2 1 ok 13647775807565606179
macos-arm64 59 1 8 8 8 1 ok 7969512992554246107
macos-arm64 64 2 8 8 4 1 ok 9497733214616699586
macos-arm64 64 2 8 8 4 2 ok 5863076551825808143
macos-arm64 64 2 8 8 4 3 ok 15670913967450048945
macos-arm64 64 2 7 7 4 1 invalid 0
macos-arm64 64 2 9 9 4 1 ok 17112527965690698788
macos-arm64 64 2 9 8 4 1 ok 5258578311122409053
macos-arm64 64 2 8 8 2 1 ok 2022105320932687183
macos-arm64 64 2 8 8 8 1 ok 15458296947639260578
macos-arm64 62 4 8 8 4 1 ok 2173715101552731865
macos-arm64 62 4 8 8 4 2 ok 264138470222414636
macos-arm64 62 4 8 8 4 3 ok 3737479417337342968
macos-arm64 62 4 7 7 4 1 invalid 0
macos-arm64 62 4 9 9 4 1 ok 15160777213266727535
macos-arm64 62 4 9 8 4 1 ok 15975024105225616712
macos-arm64 62 4 8 8 2 1 ok 7232917574896879552
macos-arm64 62 4 8 8 8 1 invalid 0
macos-arm64 63 1 8 8 4 1 ok 1007245107074522015
macos-arm64 63 1 8 8 4 2 ok 16059005710354836683
macos-arm64 63 1 8 8 4 3 ok 6496175077809129210
macos-arm64 63 1 7 7 4 1 invalid 0
macos-arm64 63 1 9 9 4 1 ok 101886765806444269
macos-arm64 63 1 9 8 4 1 ok 8408003518394768292
macos-arm64 63 1 8 8 2 1 invalid 0
macos-arm64 63 1 8 8 8 1 invalid 0
macos-arm64 68 1 8 8 4 1 ok 503396544242121895
macos-arm64 68 1 8 8 4 2 ok 13415598053615945079
macos-arm64 68 1 8 8 4 3 ok 16464344356222743326
macos-arm64 68 1 7 7 4 1 invalid 0
macos-arm64 68 1 9 9 4 1 ok 11103741649378075104
macos-arm64 68 1 9 8 4 1 ok 1700200379128681626
macos-arm64 68 1 8 8 2 1 ok 7340653580235417804
macos-arm64 68 1 8 8 8 1 invalid 0
macos-arm64 60 2 8 8 4 1 ok 1573161334111071791
macos-arm64 60 2 8 8 4 2 ok 17959845775584551514
macos-arm64 60 2 8 8 4 3 ok 10714403022618478848
macos-arm64 60 2 7 7 4 1 ok 12445518513359120858
macos-arm64 60 2 9 9 4 1 ok 12618198615314852894
macos-arm64 60 2 9 8 4 1 ok 14952434916351705869
macos-arm64 60 2 8 8 2 1 ok 3393484475152646852
macos-arm64 60 2 8 8 8 1 ok 11347806007506498073
macos-arm64 61 2 8 8 4 1 ok 3307771382833696856
macos-arm64 61 2 8 8 4 2 ok 7758068459367956133
macos-arm64 61 2 8 8 4 3 ok 6320891345042469286
macos-arm64 61 2 7 7 4 1 ok 2344244913996975387
macos-arm64 61 2 9 9 4 1 ok 12827251956368443325
macos-arm64 61 2 9 8 4 1 ok 16859480770054049718
macos-arm64 61 2 8 8 2 1 ok 555929366560961965
macos-arm64 61 2 8 8 8 1 ok 7101786782534592484
macos-arm64 66 1 8 8 4 1 ok 550505031858377930
macos-arm64 66 1 8 8 4 2 ok 5941166458054355516
macos-arm64 66 1 8 8 4 3 ok 7883906455011946812
macos-arm64 66 1 7 7 4 1 ok 7193489903992846066
macos-arm64 66 1 9 9 4 1 ok 15865951344350100476
macos-arm64 66 1 9 8 4 1 ok 2526823036382892038
macos-arm64 66 1 8 8 2 1 ok 17109911885203351301
macos-arm64 66 1 8 8 8 1 ok 7335252117256162066
macos-arm64 8 3 8 8 4 1 ok 10445762206825023853
macos-arm64 8 3 8 8 4 2 ok 11928184670408982532
macos-arm64 8 3 8 8 4 3 ok 11414080712598699583
macos-arm64 8 3 7 7 4 1 ok 4658555237636300612
macos-arm64 8 3 9 9 4 1 ok 11398981807552515483
macos-arm64 8 3 9 8 4 1 ok 219026690225498048
macos-arm64 8 3 8 8 2 1 ok 14143132148239399264
macos-arm64 8 3 8 8 8 1 ok 17098982314650317944
macos-arm64 69 1 8 8 4 1 ok 17064356743470829093
macos-arm64 69 1 8 8 4 2 ok 4602683572358013794
macos-arm64 69 1 8 8 4 3 ok 14850708378108873467
macos-arm64 69 1 7 7 4 1 ok 531990523906514811
macos-arm64 69 1 9 9 4 1 ok 15330558787734451419
macos-arm64 69 1 9 8 4 1 ok 1653976830349180318
macos-arm64 69 1 8 8 2 1 ok 707967527703352199
macos-arm64 69 1 8 8 8 1 ok 8781315085397393128
macos-arm64 9 3 8 8 4 1 ok 1045725267928572154
macos-arm64 9 3 8 8 4 2 ok 1933790560431647187
macos-arm64 9 3 8 8 4 3 ok 5877899263698877100
macos-arm64 9 3 7 7 4 1 ok 12218751736553382971
macos-arm64 9 3 9 9 4 1 ok 9803271999975604965
macos-arm64 9 3 9 8 4 1 ok 15387861903349011227
macos-arm64 9 3 8 8 2 1 ok 6984614415357599638
macos-arm64 9 3 8 8 8 1 ok 10718151324428636773
macos-arm64 27 4 8 8 4 1 ok 11687969261943259926
macos-arm64 27 4 8 8 4 2 ok 9278341790741263348
macos-arm64 27 4 8 8 4 3 ok 16994554207723317914
macos-arm64 27 4 7 7 4 1 ok 9592663086717577494
macos-arm64 27 4 9 9 4 1 ok 1374002861262449661
macos-arm64 27 4 9 8 4 1 ok 1214087987765198835
macos-arm64 27 4 8 8 2 1 ok 11526286817626729205
macos-arm64 27 4 8 8 8 1 ok 14068689398045735615
macos-arm64 19 2 8 8 4 1 ok 9505660943407981793
macos-arm64 19 2 8 8 4 2 ok 10374245496345104115
macos-arm64 19 2 8 8 4 3 ok 3538515548796101002
macos-arm64 19 2 7 7 4 1 ok 2704824689328339712
macos-arm64 19 2 9 9 4 1 ok 3483131854939269908
macos-arm64 19 2 9 8 4 1 ok 5247699519866569761
macos-arm64 19 2 8 8 2 1 ok 18374433395111261761
macos-arm64 19 2 8 8 8 1 ok 638962071964486508
macos-arm64 30 5 8 8 4 1 ok 10312463444165686166
macos-arm64 30 5 8 8 4 2 ok 10075798694899059440
macos-arm64 30 5 8 8 4 3 ok 6396957165298727628
macos-arm64 30 5 7 7 4 1 ok 644933490503881843
macos-arm64 30 5 9 9 4 1 ok 17034096412923678349
macos-arm64 30 5 9 8 4 1 ok 17827244114369668257
macos-arm64 30 5 8 8 2 1 ok 14063342919815933818
macos-arm64 30 5 8 8 8 1 ok 6896732981834783143
macos-arm64 22 2 8 8 4 1 ok 1284471235474139044
macos-arm64 22 2 8 8 4 2 ok 8478284340363876001
macos-arm64 22 2 8 8 4 3 ok 3651272843185213508
macos-arm64 22 2 7 7 4 1 ok 3655866758271062779
macos-arm64 22 2 9 9 4 1 ok 9365457891684218114
macos-arm64 22 2 9 8 4 1 ok 17425447918742743653
macos-arm64 22 2 8 8 2 1 ok 12138492238448374580
macos-arm64 22 2 8 8 8 1 ok 12614988246288899091
macos-arm64 28 4 8 8 4 1 ok 4320506443997572230
macos-arm64 28 4 8 8 4 2 ok 2058307586040359342
macos-arm64 28 4 8 8 4 3 ok 13102395041856171672
macos-arm64 28 4 7 7 4 1 ok 10897682792262896502
macos-arm64 28 4 9 9 4 1 ok 4370189412371078302
macos-arm64 28 4 9 8 4 1 ok 8120863798265800623
macos-arm64 28 4 8 8 2 1 ok 13829565247877238314
macos-arm64 28 4 8 8 8 1 ok 14091742024861043395
macos-arm64 32 4 8 8 4 1 ok 17633894656724945162
macos-arm64 32 4 8 8 4 2 ok 17969857465891887079
macos-arm64 32 4 8 8 4 3 ok 14927243951147519255
macos-arm64 32 4 7 7 4 1 ok 7540126588246018722
macos-arm64 32 4 9 9 4 1 ok 5175145437434078792
macos-arm64 32 4 9 8 4 1 ok 15882581644053452132
macos-arm64 32 4 8 8 2 1 ok 8633803889491191707
macos-arm64 32 4 8 8 8 1 ok 14387082642563060217
macos-arm64 21 1 8 8 4 1 ok 3050122448863222582
macos-arm64 21 1 8 8 4 2 ok 8201580502558476028
macos-arm64 21 1 8 8 4 3 ok 14159020535153467794
macos-arm64 21 1 7 7 4 1 ok 12210728782221235895
macos-arm64 21 1 9 9 4 1 ok 7348842460505219783
macos-arm64 21 1 9 8 4 1 ok 14597284168628427777
macos-arm64 21 1 8 8 2 1 ok 5011243392932424661
macos-arm64 21 1 8 8 8 1 ok 3788158320130144245
macos-arm64 34 11 8 8 4 1 ok 11446298242083828097
macos-arm64 34 11 8 8 4 2 ok 17249288521332217408
macos-arm64 34 11 8 8 4 3 ok 9028409376978365922
macos-arm64 34 11 7 7 4 1 invalid 0
macos-arm64 34 11 9 9 4 1 ok 17827287593001576249
macos-arm64 34 11 9 8 4 1 invalid 0
macos-arm64 34 11 8 8 2 1 ok 7521219248318712990
macos-arm64 34 11 8 8 8 1 ok 10674013291310388929
macos-arm64 35 7 8 8 4 1 ok 16770069471226294665
macos-arm64 35 7 8 8 4 2 ok 15813271378422628247
macos-arm64 35 7 8 8 4 3 ok 4235378420524993172
macos-arm64 35 7 7 7 4 1 ok 9001535848897962485
macos-arm64 35 7 9 9 4 1 ok 3011858167591717521
macos-arm64 35 7 9 8 4 1 ok 4829447434256040625
macos-arm64 35 7 8 8 2 1 ok 12660970500084229723
macos-arm64 35 7 8 8 8 1 ok 15622947511425715031
macos-arm64 36 3 8 8 4 1 ok 117835934544671423
macos-arm64 36 3 8 8 4 2 ok 1731231386888741573
macos-arm64 36 3 8 8 4 3 ok 10518115465556186260
macos-arm64 36 3 7 7 4 1 invalid 0
macos-arm64 36 3 9 9 4 1 ok 14471939105467366059
macos-arm64 36 3 9 8 4 1 ok 10672364239192860707
macos-arm64 36 3 8 8 2 1 ok 9175637013421800376
macos-arm64 36 3 8 8 8 1 invalid 0
macos-arm64 37 5 8 8 4 1 ok 10699095453083081659
macos-arm64 37 5 8 8 4 2 ok 14734566866577259299
macos-arm64 37 5 8 8 4 3 ok 13208712860976057210
macos-arm64 37 5 7 7 4 1 invalid 0
macos-arm64 37 5 9 9 4 1 ok 11115661791609115954
macos-arm64 37 5 9 8 4 1 ok 17742803310577490869
macos-arm64 37 5 8 8 2 1 ok 617253222429679388
macos-arm64 37 5 8 8 8 1 ok 504780297036021095
macos-arm64 38 7 8 8 4 1 ok 11573406630834397423
macos-arm64 38 7 8 8 4 2 ok 3861873541503255416
macos-arm64 38 7 8 8 4 3 ok 16858117142537243508
macos-arm64 38 7 7 7 4 1 ok 2840806739448931840
macos-arm64 38 7 9 9 4 1 ok 202800818445783221
macos-arm64 38 7 9 8 4 1 ok 11667479909063719122
macos-arm64 38 7 8 8 2 1 ok 18074269824507412328
macos-arm64 38 7 8 8 8 1 ok 9862332317714725883
macos-arm64 39 3 8 8 4 1 ok 17592038038776910042
macos-arm64 39 3 8 8 4 2 ok 3436579114277542972
macos-arm64 39 3 8 8 4 3 ok 18270617131627178618
macos-arm64 39 3 7 7 4 1 invalid 0
macos-arm64 39 3 9 9 4 1 ok 17684409412101058416
macos-arm64 39 3 9 8 4 1 ok 18165948944002843429
macos-arm64 39 3 8 8 2 1 ok 1369363096058954230
macos-arm64 39 3 8 8 8 1 ok 16957396205861788194
macos-arm64 40 2 8 8 4 1 ok 12779873591348124597
macos-arm64 40 2 8 8 4 2 ok 9740083657898168215
macos-arm64 40 2 8 8 4 3 ok 17144494346051796863
macos-arm64 40 2 7 7 4 1 ok 1168440634077700092
macos-arm64 40 2 9 9 4 1 ok 8194487248172023439
macos-arm64 40 2 9 8 4 1 ok 18190712972552857228
macos-arm64 40 2 8 8 2 1 ok 1794011699555240375
macos-arm64 40 2 8 8 8 1 ok 8929745453102880958
macos-arm64 41 2 8 8 4 1 ok 6244602504248136250
macos-arm64 41 2 8 8 4 2 ok 6598577662180070566
macos-arm64 41 2 8 8 4 3 ok 11606952121363219579
macos-arm64 41 2 7 7 4 1 invalid 0
macos-arm64 41 2 9 9 4 1 ok 12085443094542435098
macos-arm64 41 2 9 8 4 1 ok 4569228531280857139
macos-arm64 41 2 8 8 2 1 ok 17242054486890266792
macos-arm64 41 2 8 8 8 1 ok 4662884898143938818
macos-arm64 42 2 8 8 4 1 ok 15433373517461175249
macos-arm64 42 2 8 8 4 2 ok 9124159003563684177
macos-arm64 42 2 8 8 4 3 ok 17665715084348950643
macos-arm64 42 2 7 7 4 1 ok 18158807505115550774
macos-arm64 42 2 9 9 4 1 ok 2230465750137525670
macos-arm64 42 2 9 8 4 1 ok 9744819787478335874
macos-arm64 42 2 8 8 2 1 ok 1657063465093633814
macos-arm64 42 2 8 8 8 1 ok 3719776041562284537
macos-arm64 43 1 8 8 4 1 ok 10009475499157600546
macos-arm64 43 1 8 8 4 2 ok 10452741270725959409
macos-arm64 43 1 8 8 4 3 ok 5070291285047304791
macos-arm64 43 1 7 7 4 1 ok 6290912298029012443
macos-arm64 43 1 9 9 4 1 ok 17521019725655782647
macos-arm64 43 1 9 8 4 1 ok 15220477611682619178
macos-arm64 43 1 8 8 2 1 ok 13356023376049556015
macos-arm64 43 1 8 8 8 1 ok 16950183819271518212
macos-arm64 44 3 8 8 4 1 ok 6718220008300174984
macos-arm64 44 3 8 8 4 2 ok 7816297383408801520
macos-arm64 44 3 8 8 4 3 ok 6457290126797322527
macos-arm64 44 3 7 7 4 1 ok 17940187428584936907
macos-arm64 44 3 9 9 4 1 ok 4543760825386043221
macos-arm64 44 3 9 8 4 1 ok 5514833663606494482
macos-arm64 44 3 8 8 2 1 ok 364807726672101766
macos-arm64 44 3 8 8 8 1 ok 12545283288132551809
macos-arm64 45 2 8 8 4 1 ok 17962034403330060058
macos-arm64 45 2 8 8 4 2 ok 688668133885204359
macos-arm64 45 2 8 8 4 3 ok 9894667713248180382
macos-arm64 45 2 7 7 4 1 ok 9413100469272810401
macos-arm64 45 2 9 9 4 1 ok 1182495539699443955
macos-arm64 45 2 9 8 4 1 ok 6122714922780971419
macos-arm64 45 2 8 8 2 1 ok 13960030266143887806
macos-arm64 45 2 8 8 8 1 ok 12772913276755697723
macos-arm64 46 7 8 8 4 1 ok 369830719160612440
macos-arm64 46 7 8 8 4 2 ok 7922933516078022093
macos-arm64 46 7 8 8 4 3 ok 6144218925731298084
macos-arm64 46 7 7 7 4 1 invalid 0
macos-arm64 46 7 9 9 4 1 ok 3402048230256729498
macos-arm64 46 7 9 8 4 1 ok 3655495852968136711
macos-arm64 46 7 8 8 2 1 ok 17406716117791360717
macos-arm64 46 7 8 8 8 1 ok 6422361822954657659
macos-arm64 52 3 8 8 4 1 ok 15640238702619508753
macos-arm64 52 3 8 8 4 2 ok 16822076459429898855
macos-arm64 52 3 8 8 4 3 ok 17485782341923566775
macos-arm64 52 3 7 7 4 1 invalid 0
macos-arm64 52 3 9 9 4 1 ok 17822828166567073186
macos-arm64 52 3 9 8 4 1 ok 579489972254419678
macos-arm64 52 3 8 8 2 1 ok 5702081700097410148
macos-arm64 52 3 8 8 8 1 ok 6593571590343171792
macos-arm64 47 4 8 8 4 1 ok 6686126383469765848
macos-arm64 47 4 8 8 4 2 ok 13043465291438219819
macos-arm64 47 4 8 8 4 3 ok 760875563013844251
macos-arm64 47 4 7 7 4 1 ok 5075815970599892307
macos-arm64 47 4 9 9 4 1 ok 4646725243637425170
macos-arm64 47 4 9 8 4 1 ok 3751001590686890664
macos-arm64 47 4 8 8 2 1 ok 14335113500610705531
macos-arm64 47 4 8 8 8 1 ok 15892118266651469947
macos-arm64 48 3 8 8 4 1 ok 4342454787831102346
macos-arm64 48 3 8 8 4 2 ok 4551990977372885174
macos-arm64 48 3 8 8 4 3 ok 7986908090579460986
macos-arm64 48 3 7 7 4 1 ok 11861154077904487822
macos-arm64 48 3 9 9 4 1 ok 7671038955361056785
macos-arm64 48 3 9 8 4 1 ok 14216165307250062253
macos-arm64 48 3 8 8 2 1 ok 6247639848749808659
macos-arm64 48 3 8 8 8 1 ok 15656040669200766225
macos-arm64 0 1 8 8 4 1 ok 1882570766644760050
macos-arm64 0 1 8 8 4 2 ok 13897470516389625799
macos-arm64 0 1 8 8 4 3 ok 3342469568135303530
macos-arm64 0 1 7 7 4 1 ok 3707480985526347828
macos-arm64 0 1 9 9 4 1 ok 9537656230795372076
macos-arm64 0 1 9 8 4 1 ok 5952847682975674388
macos-arm64 0 1 8 8 2 1 ok 1882570766644760050
macos-arm64 0 1 8 8 8 1 ok 1882570766644760050
