seconds target_ticks jitter_ms buffered_ticks
1 0 0 0
2 0 0 0
3 0 0 0
4 0 0 0
5 0 0 0
6 0 0 0
7 0 0 0
8 0 0 0
9 0 0 0
10 0 0 0
11 0 0 0
12 0 0 0
13 0 0 0
14 0 0 0
15 0 0 0
16 4 115 2
17 5 130 3
18 5 140 5
19 5 140 5
20 5 145 4
21 5 130 4
22 5 125 5
23 5 130 6
24 5 140 7
25 5 140 5
26 5 140 5
27 5 140 8
28 5 135 7
29 5 135 7
30 5 135 5
31 5 130 7
32 5 130 5
33 5 130 8
34 5 135 6
35 5 135 6
36 5 140 8
37 5 140 7
38 5 135 6
39 5 120 6
40 5 0 6
41 5 0 6
42 5 0 6
43 5 0 6
44 4 0 6
45 4 0 5
46 4 0 5
47 4 0 5
48 4 0 5
49 3 0 5
50 3 0 4
51 3 0 4
52 3 0 4
53 3 0 4
54 2 0 4
55 2 0 3
56 2 0 3
57 2 0 3
58 2 0 3
59 1 0 3
60 1 0 2
61 1 0 2
62 1 0 2
63 1 0 2
64 0 0 2
65 0 0 1
66 0 0 1
67 0 0 1
68 0 0 1
69 0 0 1
70 0 0 1
71 0 0 1
72 0 0 1
73 0 0 1
74 0 0 1
75 0 0 1
76 0 0 1
77 0 0 1
78 0 0 1
79 0 0 1
80 0 0 1
81 0 0 1
82 0 0 1
83 0 0 1
84 0 0 1
85 0 0 1
86 0 0 1
87 0 0 1
88 0 0 1
89 0 0 1
90 0 0 1
91 0 0 1
92 0 0 1
93 0 0 1
94 0 0 1
95 0 0 1
