5057 2124345624 0 0
5058 3734958360 0 0
5059 3198087448 0 0
5060 2661216537 0 0
5061 4271829273 0 0
5062 1587474713 0 0
5063 1050603801 0 0
5064 4046982887 0 0
5065 3241676519 0 0
5066 2436370151 0 0
5067 2704805607 0 0
5068 825757415 0 0
5069 20451047 0 0
5070 1362628327 0 0
5071 1631063783 0 0
5072 1899499238 0 0
5073 1094192870 0 0
5074 288886502 0 0
5075 557321958 0 0
5076 2973241062 0 0
5077 2167934694 0 0
5078 3510111974 0 0
5079 3778547430 0 0
5080 36499736 0 0
5081 70054168 0 0
5082 237826328 0 0
5083 1881993496 0 0
5084 439152920 0 0
5085 1009578264 0 0
5086 3861704984 0 0
5087 3895259416 0 0
5088 841806104 0 0
5089 1412231448 0 0
5090 2116874520 0 0
5091 1076687128 0 0
5092 3391942937 0 0
5093 3425497369 0 0
5094 3593269529 0 0
5095 3089953049 0 0
5096 1900540185 0 0
5097 1816654105 0 0
5098 2336747801 0 0
5099 2454188313 0 0
5100 2236084505 0 0
5101 3897028889 0 0
5102 3074945305 0 0
5103 2789732633 0 0
5104 1402073368 0 0
5105 1217523992 0 0
5106 630321432 0 0
5107 311554328 0 0
5108 261222680 0 0
5109 613544216 0 0
5110 1368518936 0 0
5111 1318187288 0 0
5112 3146903833 0 0
5113 2425483545 0 0
5114 2375151897 0 0
5115 3130126617 0 0
5116 1469182233 0 0
5117 1284632857 0 0
5118 965865753 0 0
5119 378663193 0 0
5120 1792733464 0 0
5121 1289416984 1 1
